   9.5012929e+01   1.5683487e+01   4.6666667e+01
   2.3113851e+01   4.1635311e+01   6.7753269e+01
   6.0684258e+01   9.4034869e+00   6.2663362e+01
   4.8598247e+01   4.4994645e+01   5.3629308e+01
   8.9129897e+01   8.6915243e+01   1.5311980e+01
   7.6209683e+01   3.9161722e+01   5.2170260e+01
   4.5646767e+01   2.5278365e+01   7.1066705e+01
   1.8503643e+00   3.5438193e+01   7.4024959e+01
   8.2140716e+01   7.4297797e+01   2.7394317e+01
   4.4470336e+01   6.5083202e+01   4.3230460e+01
   6.1543235e+01   9.3979304e+01   1.1550754e+01
   7.9193704e+01   8.3279912e+01   1.9415729e+01
   9.2181297e+01   4.6997787e+01   4.4880498e+01
   7.3820725e+01   6.2986561e+01   3.5839453e+01
   1.7626614e+01   5.8187848e+00   8.4704918e+01
   4.0570621e+01   5.4218740e+01   4.9677074e+01
   9.3546970e+01   4.5572596e+01   4.6130971e+01
   9.1690444e+01   8.6308689e+01   1.6002470e+01
   4.1027021e+01   8.5519697e+01   2.7635411e+01
   8.9364953e+01   4.7225568e+01   4.4699414e+01
   5.7891305e+00   7.8692439e+01   3.8985304e+01
   3.5286813e+01   6.5598214e+01   4.7219301e+01
   8.1316650e+01   3.9889599e-03   5.2470681e+01
   9.8613007e-01   1.3123716e+01   8.4704918e+01
   1.3889088e+01   4.9487476e+01   5.9205972e+01
   2.0276522e+01   3.8333157e+00   8.4704918e+01
   1.9872174e+01   2.2743581e+01   8.3162854e+01
   6.0379248e+01   3.2788296e+01   5.4870192e+01
   2.7218792e+01   8.9946879e+01   3.1701527e+01
   1.9881427e+01   3.1373049e+01   7.7370295e+01
   1.5273927e+00   2.5167601e+01   8.1683556e+01
   7.4678568e+01   4.3298913e+01   4.8578706e+01
   4.4509643e+01   8.4238224e+01   2.6456981e+01
   9.3181458e+01   1.8448899e+01   4.6666667e+01
   4.6599434e+01   5.0817921e+01   4.9814531e+01
   4.1864947e+01   4.5223967e+01   5.5970815e+01
   8.4622142e+01   3.2558444e+01   5.1362097e+01
   5.2515250e+01   3.8007631e+01   6.0824292e+01
   2.0264736e+01   8.8647996e+01   3.2542953e+01
   6.7213747e+01   7.6126076e+01   2.5811783e+01
   8.3811845e+01   8.8376633e+01   1.4084646e+01
   1.9639514e+00   4.5740626e+01   6.2470382e+01
   6.8127716e+01   7.9920229e+01   2.2412273e+01
   3.7948102e+01   1.3407712e+01   8.0749735e+01
   8.3179602e+01   6.5313688e+00   5.1573626e+01
   5.0281288e+01   3.7514466e+01   6.2455347e+01
   7.0947139e+01   3.7352297e+01   5.2832319e+01
   4.2889237e+01   4.8402240e+01   5.2746363e+01
   3.0461737e+01   9.6945923e+01   3.1332469e+01
   1.8965375e+01   3.4206109e+01   7.5091529e+01
   1.9343116e+01   2.5268926e+01   8.1620564e+01
   6.8222322e+01   5.8488692e+01   3.7555282e+01
   3.0276440e+01   5.2370359e+01   5.7209067e+01
   5.4167385e+01   1.6341905e+01   6.9434480e+01
   1.5087298e+01   4.8639815e+01   5.9812178e+01
   6.9789848e+01   4.9606075e+01   4.2494736e+01
   3.7837300e+01   8.4319408e+01   3.0130522e+01
   8.6001160e+01   8.0619822e+01   2.1764670e+01
   8.5365513e+01   8.5778560e+01   1.6594891e+01
   5.9356291e+01   6.0975414e+01   3.6983702e+01
   4.9655245e+01   5.6573037e+01   4.5719084e+01
   8.9976918e+01   6.1189852e+01   3.6154793e+01
   8.2162916e+01   1.0297652e+01   5.2078977e+01
   6.4491038e+01   1.5831592e+01   5.9732283e+01
   8.1797434e+01   4.1364986e+01   5.0246354e+01
   6.6022756e+01   5.6041045e+01   3.8886437e+01
   3.4197062e+01   2.6867729e+01   7.7012947e+01
   2.8972590e+01   7.8425416e+01   3.9174144e+01
   3.4119357e+01   3.8787078e+01   6.7329254e+01
   5.3407902e+01   3.0983621e+00   7.0115547e+01
   7.2711322e+01   5.8550183e+01   3.7523205e+01
   3.0929016e+01   5.5855853e+01   5.4998262e+01
   8.3849604e+01   2.0069557e+01   5.1222889e+01
   5.6807246e+01   8.7421885e+00   6.6901774e+01
   3.7041356e+01   9.3322986e+01   2.7095065e+01
   7.0273991e+01   2.5937997e+01   5.6837201e+01
   5.4657115e+01   2.0417139e+01   6.8487822e+01
   4.4488020e+01   4.9208442e+00   7.6822381e+01
   6.9456724e+01   6.0616094e+01   3.6453932e+01
   6.2131013e+01   5.4634874e+01   3.9687139e+01
   7.9482108e+01   9.5837436e+00   5.3265563e+01
   9.5684345e+01   6.3699565e+01   3.4881590e+01
   5.2259035e+01   4.4294833e+01   5.3192168e+01
   8.8014221e+01   6.6381959e+00   4.8481489e+01
   1.7295614e+01   3.7429258e+01   7.2190048e+01
   9.7974690e+01   2.4910272e+01   4.6558598e+01
   2.7144726e+01   9.2487529e+01   3.1666667e+01
   2.5232935e+01   6.2949929e+01   5.2368355e+01
   8.7574190e+01   8.7830878e+01   1.4219763e+01
   7.3730599e+01   6.4167443e+01   3.5269337e+01
   1.3651874e+01   7.9839064e+01   3.8203065e+01
   1.1756687e+00   4.3502604e+01   6.5427396e+01
   8.9389797e+01   9.8114025e+01   1.1461856e+01
   1.9913807e+01   9.5957798e+00   8.4704918e+01
   2.9872301e+01   5.2748240e+01   5.7255716e+01
   6.6144258e+01   5.4564582e+01   3.9727780e+01
   2.8440859e+01   2.8434276e+01   7.9519290e+01
   4.6922429e+01   3.7080266e+01   6.3666558e+01
   6.4781123e+00   6.4692602e+00   8.4704918e+01
   9.8833494e+01   5.4480906e+01   3.9776254e+01
   5.8279168e+01   8.3637560e+01   1.9713346e+01
   4.2349626e+01   1.4532199e+01   7.8177851e+01
   5.1551175e+01   1.7152026e+01   7.1683474e+01
   3.3395148e+01   6.8047182e+00   8.3113373e+01
   4.3290660e+01   8.2401153e+01   2.8174460e+01
   2.2594987e+01   1.3397076e+01   8.4704918e+01
   5.7980687e+01   8.8478629e+01   1.4588930e+01
   7.6036501e+01   5.1473740e+01   4.0686262e+01
   5.2982312e+01   9.6363560e+01   1.7093722e+01
   6.4052650e+01   1.2049467e+01   6.0019024e+01
   2.0906940e+01   4.8289882e+00   8.4704918e+01
   3.7981837e+01   3.8015200e+01   6.5801650e+01
   7.8332865e+01   4.1279122e+01   5.0462022e+01
   6.8084575e+01   4.0139130e+01   5.1115770e+01
   4.6109513e+01   4.2099713e+01   5.8509570e+01
   5.6782871e+01   3.7695369e+01   5.6524382e+01
   7.9421065e+01   9.0733653e+01   1.2470662e+01
   5.9182593e+00   6.7016214e+01   4.9663954e+01
   6.0286909e+01   9.6183852e+01   1.1431956e+01
   5.0268804e+00   1.6297934e+01   8.4704918e+01
   4.1537486e+01   7.4864941e+01   3.3951390e+01
   3.0499868e+01   3.7406572e+01   7.1711269e+01
   8.7436717e+01   4.5423651e+01   4.6244858e+01
   1.5009499e+00   3.8560696e+00   8.4704918e+01
   7.6795039e+01   5.6243201e+01   3.8772909e+01
   9.7084494e+01   3.7231215e+01   4.6419510e+01
   9.9008259e+01   7.9278371e+01   2.2993912e+01
   7.8886169e+01   7.9523097e+01   2.2771052e+01
   4.3865853e+01   3.8291447e+01   6.3372005e+01
   4.9831130e+01   2.5278980e+01   6.8082758e+01
   2.1396333e+01   3.4292786e+01   7.5017715e+01
   6.4349229e+01   9.6780449e+01   1.1825164e+01
   3.2003558e+01   4.7980839e+01   5.8245772e+01
   9.6009860e+01   3.6832756e+01   4.6394733e+01
   7.2663177e+01   7.6456716e+01   2.5168567e+01
   4.1195321e+01   3.7714897e+01   6.4775593e+01
   7.4456578e+01   9.0030622e+01   1.2896016e+01
   2.6794725e+01   1.8343205e+01   8.4704918e+01
   4.3992431e+01   3.6831732e+01   6.4667270e+01
   9.3338011e+01   9.1745704e+01   1.1405797e+01
   6.8333232e+01   5.1591606e+01   4.1490798e+01
   2.1255986e+01   9.0307262e+00   8.4704918e+01
   8.3923824e+01   7.3531149e+01   2.8140581e+01
   6.2878460e+01   4.7121623e-01   6.0828789e+01
   1.3377275e+01   6.0312312e+01   5.3710033e+01
   2.0713273e+01   9.5686666e+01   3.1666667e+01
   6.0719894e+01   3.9743193e+01   5.1306328e+01
   6.2988785e+01   7.3155079e+01   2.8510945e+01
   3.7047683e+01   6.8463883e+01   4.3767173e+01
   5.7514778e+01   9.7850302e+01   1.3581878e+01
   4.5142483e+01   2.0378517e+01   7.5938040e+01
   4.3895325e+00   5.9330284e+01   5.4169081e+01
   2.7185123e+00   9.5156252e+01   3.1666667e+01
   3.1268505e+01   2.6027241e+01   7.9936061e+01
   1.2862575e+00   5.1467762e+01   5.7956609e+01
   3.8396729e+01   6.3633190e+01   4.6858221e+01
   6.8311597e+01   4.0095911e+01   5.1153813e+01
   9.2842462e+00   4.8661131e+01   5.9795552e+01
   3.5338324e+00   7.5045811e+01   4.1726227e+01
   6.1239548e+01   1.2619673e+01   6.2146707e+01
   6.0854036e+01   4.3062482e+00   6.2502915e+01
   1.5759818e+00   3.7093934e+01   7.2514096e+01
   1.6354934e+00   6.9330212e+01   4.7449790e+01
   1.9007459e+01   9.3582494e+01   3.1666667e+01
   5.8691847e+01   4.7757561e+01   4.5539587e+01
   5.7581090e+00   1.2910010e+01   8.4704918e+01
   3.6756804e+01   4.8383121e+01   5.4944335e+01
   6.3145116e+01   9.4559716e+01   1.1705368e+01
   7.1763442e+01   3.6774413e+01   5.3164820e+01
   6.9266939e+01   3.2848557e+01   5.4843040e+01
   8.4079061e+00   7.7287548e+01   3.9992701e+01
   4.5435515e+01   2.9727402e+01   6.8580844e+01
   4.4182830e+01   1.7785436e+01   7.7023546e+01
   3.5325046e+01   6.9079916e+01   4.4090338e+01
   1.5360636e+01   2.6394486e+01   8.0902470e+01
   6.7564465e+01   4.5773906e+01   4.5739751e+01
   6.9921333e+01   8.4369242e+01   1.8477694e+01
   7.2750913e+01   8.8149866e+01   1.5575901e+01
   4.7838438e+01   7.0001996e+01   3.6841233e+01
   5.5484199e+01   7.5569099e+01   2.8259787e+01
   1.2104711e+01   9.7451480e+01   3.1666667e+01
   4.5075394e+01   4.0215268e+01   6.1031557e+01
   7.1588295e+01   1.3127864e+01   5.6304657e+01
   8.9284161e+01   7.2473389e+01   2.9157928e+01
   2.7310247e+01   8.9951821e+01   3.1698288e+01
   2.5476930e+01   1.7070131e+01   8.4704918e+01
   8.6560348e+01   4.3028691e+00   4.9567642e+01
   2.3235037e+01   4.7915922e+01   6.0391618e+01
   8.0487174e+01   9.3936285e+00   5.2837288e+01
   9.0839754e+01   6.5004983e+01   3.4236062e+01
   2.3189432e+01   9.5227754e+01   3.1666667e+01
   2.3931256e+01   4.5771270e+01   6.2436019e+01
   4.9754484e+00   5.3688065e+01   5.6773040e+01
   7.8384075e+00   6.6487146e+00   8.4704918e+01
   6.4081541e+01   4.9387008e+01   4.3042624e+01
   1.9088657e+01   4.1754097e+01   6.7613245e+01
   8.4386950e+01   2.9225705e+01   5.1142177e+01
   1.7390025e+01   2.8966394e+01   7.9145346e+01
   1.7079281e+01   7.5384600e+01   4.1444755e+01
   9.9429549e+01   9.6795712e+00   4.6666667e+01
   4.3979086e+01   7.6917011e+00   7.7156449e+01
   3.4004795e+01   7.2091503e+01   4.0461903e+01
   3.1421731e+01   7.6491151e+01   3.9284487e+01
   3.6507839e+01   6.5794492e+01   4.6397388e+01
   3.9323955e+01   8.1040852e+01   3.0974916e+01
   5.9152520e+01   3.7424309e+01   5.3772346e+01
   1.1974662e+01   3.0623148e+01   7.7934702e+01
   3.8128797e+00   3.7069960e+01   7.2536994e+01
   4.5859795e+01   7.0674712e+01   3.6884355e+01
   8.6986735e+01   1.6836629e+01   4.9271246e+01
   9.3423652e+01   8.1372101e+01   2.1061439e+01
   2.6444917e+01   4.6622832e+01   6.1549132e+01
   1.6030034e+01   7.2228568e+01   4.4249412e+01
   8.7285526e+01   9.9486891e+01   1.1663367e+01
   2.3788031e+01   3.6250302e+01   7.3299031e+01
   6.4583125e+01   7.3082814e+01   2.8579373e+01
   9.6688742e+01   6.4966741e+01   3.4255189e+01
   6.6493121e+01   6.8133908e+01   3.2730772e+01
   8.7038103e+01   7.6119200e-01   4.9233552e+01
   9.9273048e-01   6.5414930e+01   5.0861248e+01
   1.3700989e+01   9.4523514e+01   3.1666667e+01
   8.1875583e+01   6.1327104e+01   3.6084082e+01
   4.3016605e+01   7.8292798e+01   3.0342174e+01
   8.9032172e+01   3.1534871e-01   4.7603385e+01
   7.3490821e+01   7.9695785e+01   2.2614578e+01
   6.8732359e+01   6.4181666e+01   3.4758751e+01
   3.4611197e+01   1.7847862e+01   8.2515798e+01
   1.6603474e+01   5.2940073e+01   5.7156127e+01
   1.5561258e+01   2.1874351e+01   8.3670976e+01
   1.9111631e+01   5.4805244e+01   5.6233941e+01
   4.2245153e+01   5.8237363e+00   7.8241020e+01
   8.5597571e+01   5.8758710e+01   3.7414520e+01
   4.9024999e+01   4.1610356e+01   5.8190772e+01
   8.1593477e+01   1.8644524e+01   5.2343700e+01
   4.6076983e+01   6.3910721e+00   7.5764517e+01
   4.5735438e+01   7.4782778e+00   7.5994920e+01
   4.5068888e+01   3.1003746e+01   6.8235999e+01
   4.1221906e+01   9.4408492e+01   2.4603808e+01
   9.0160982e+01   9.8072663e+01   1.1405797e+01
   5.5839392e-01   5.5511549e+01   5.5904022e+01
   2.9740568e+01   9.8852564e+01   3.1666667e+01
   4.9162489e+00   6.9155990e+01   4.7645138e+01
   6.9318045e+01   2.4166086e+01   5.7246974e+01
   6.5010641e+01   8.0981368e+01   2.1432960e+01
   9.8298778e+01   9.3451169e+01   1.1405797e+01
   5.5267324e+01   1.2880349e+01   6.8422014e+01
   4.0007352e+01   6.8682686e+01   4.1995544e+01
   1.9878852e+01   2.9724493e+01   7.8593382e+01
   6.2520102e+01   6.4722082e+01   3.4376966e+01
   7.3336280e+01   4.6375881e+01   4.4706705e+01
   3.7588548e+01   9.2278964e+01   2.6768247e+01
   9.8764629e-01   2.4172191e+01   8.2311237e+01
   4.1985781e+01   6.6015651e+01   4.3556943e+01
   7.5366963e+01   3.3228698e+01   5.4757671e+01
   7.9387177e+01   4.7675299e+01   4.3825623e+01
   9.1995721e+01   4.6877328e+01   4.4977342e+01
   8.4472150e+01   7.0592893e+01   3.1054104e+01
   3.6775288e+01   2.3994937e+01   7.7391780e+01
   6.2080133e+01   7.1720259e+01   2.9888797e+01
   7.3127726e+01   8.6519670e+01   1.7563008e+01
   1.9389318e+01   4.1098966e+01   6.8372759e+01
   9.0481233e+01   4.2478717e+01   4.6635707e+01
   5.6920575e+01   9.5428637e+01   1.4081094e+01
   6.3178993e+01   8.8141861e+01   1.3893955e+01
   2.3441296e+01   6.9858767e+01   4.6836189e+01
   5.4878213e+01   3.0540114e+01   6.1261438e+01
   9.3158335e+01   8.2932609e+01   1.9560541e+01
   3.3519743e+01   9.7060457e+01   2.9278716e+01
   6.5553106e+01   3.0010272e+01   5.6136633e+01
   3.9190421e+01   9.9806225e+01   2.5810999e+01
   6.2731479e+01   4.4074843e+01   4.7723832e+01
   6.9908014e+01   6.2269037e-01   5.6992967e+01
   3.9718395e+01   2.9190112e+01   7.2151260e+01
   4.1362890e+01   6.9187848e+01   4.0772123e+01
   6.5521295e+01   4.9284927e+01   4.3094665e+01
   8.3758510e+01   8.3477633e+00   5.1271129e+01
   3.7160803e+01   1.9578714e+01   8.1179854e+01
   4.2525316e+01   9.7759475e+01   2.3828737e+01
   5.9466337e+01   3.6619871e+01   5.3766294e+01
   5.6573857e+01   1.3943238e+01   6.7142267e+01
   7.1654240e+01   1.4755525e+00   5.6278433e+01
   5.1131145e+01   6.4064119e+01   4.1599680e+01
   7.7640121e+01   7.3772200e+01   2.7561093e+01
   4.8934548e+01   2.6757302e+00   7.3724968e+01
   1.8590445e+01   1.0215260e+01   8.4704918e+01
   7.0063541e+01   8.9333022e+01   1.3443090e+01
   9.8270880e+01   7.6387648e+01   2.5577793e+01
   8.0663775e+01   5.8266454e+01   3.7673304e+01
   7.0356766e+01   6.8543027e+01   3.2651164e+01
   4.8496372e+01   9.6713351e+01   2.0145011e+01
   1.1461282e+01   5.5034440e+01   5.6125386e+01
   6.6485557e+01   7.7719685e+01   2.4392462e+01
   3.6537389e+01   6.1035042e+01   4.9102771e+01
   1.4004446e+01   9.8859338e+01   3.1666667e+01
   5.6677280e+01   4.8262228e+00   6.7036206e+01
   8.2300831e+01   9.8538908e+01   1.2167087e+01
   6.7394863e+01   2.0473617e+01   5.8132982e+01
   9.9944730e+01   9.1247718e+01   1.1405797e+01
   9.6163641e+01   6.6554603e+01   3.3441301e+01
   5.8862165e+00   4.6232141e+01   6.1931337e+01
   3.6031117e+01   4.8333251e+00   8.1771235e+01
   5.4851281e+01   4.6043917e+01   4.9718716e+01
   2.6176957e+01   7.9995057e+01   3.8101326e+01
   5.9734485e+01   2.8943312e+01   5.6961331e+01
   4.9277997e+00   6.9510237e+01   4.7244399e+01
   5.7105749e+01   2.5927894e+01   6.1430274e+01
   7.0085723e+01   7.1322972e+01   3.0254575e+01
   9.6228826e+01   7.2036969e+01   2.9577756e+01
   7.5051823e+01   7.3327669e+01   2.7734698e+01
   7.3999305e+01   6.2233077e+01   3.6199249e+01
   4.3187339e+01   9.8977940e+01   2.3433482e+01
   6.3426596e+01   1.5237784e+01   6.0441324e+01
   8.0302634e+01   2.0332258e+01   5.2916754e+01
   8.3881007e+00   8.1931658e+01   3.6818312e+01
   9.4546279e+01   5.8435362e+00   4.6666667e+01
   9.1594246e+01   5.3850678e+01   4.0144690e+01
   6.0198742e+01   1.9015332e+01   6.3134785e+01
   2.5356058e+01   5.9948078e+01   5.3882748e+01
   8.7345081e+01   2.9225799e+01   4.9040099e+01
   5.1340071e+01   9.1287717e+00   7.1852630e+01
   7.3265065e+01   5.0676728e+01   4.1296180e+01
   4.2222659e+01   8.8413233e+01   2.5096049e+01
   9.6137000e+01   6.1556805e+01   3.5966894e+01
   7.2059239e+00   4.6392112e+00   8.4704918e+01
   5.5340797e+01   9.5192426e+01   1.5336347e+01
   2.9198392e+01   1.6903040e+01   8.4704918e+01
   8.5796351e+01   8.2667104e+01   1.9817887e+01
   3.3575514e+01   6.1137687e+01   5.0780398e+01
   6.8020385e+01   8.4729946e+01   1.7750942e+01
   5.3444421e+00   1.1412313e+01   8.4704918e+01
   3.5665554e+01   6.4921982e+01   4.7464172e+01
   4.9830460e+01   1.1481505e+01   7.3047721e+01
   4.3444054e+01   4.7341222e+01   5.3442680e+01
   5.6245842e+01   6.8318105e+01   3.5697341e+01
   6.1662113e+01   1.3329862e+01   6.1779334e+01
   1.1333998e+01   4.6407820e+01   6.1757128e+01
   8.9825174e+01   7.1250008e+00   4.6841497e+01
   7.5455138e+01   5.8121844e+01   3.7811108e+01
   7.9112320e+01   5.6597889e+01   3.8573198e+01
   8.1495207e+01   2.5526221e+01   5.2388903e+01
   6.7000386e+01   2.3849414e+01   5.8333734e+01
   2.0087641e+01   1.5953779e+00   8.4704918e+01
   2.7308816e+01   3.8474472e+01   7.1175797e+01
   6.2623464e+01   7.5730018e+01   2.6164756e+01
   5.3685169e+01   5.7516005e+01   4.3270891e+01
   5.9504051e+00   4.0808550e+01   6.8703058e+01
   8.8961759e+00   1.9570817e+01   8.4704918e+01
   2.7130817e+01   5.1217433e+01   5.8099669e+01
   4.0907232e+01   7.1334569e+01   3.8256019e+01
   4.7404145e+01   8.6738555e+01   2.3162904e+01
   9.0898935e+01   7.4180541e+01   2.7564551e+01
   5.9624714e+01   9.9483254e+01   1.1744654e+01
   3.2895530e+01   8.6674820e+01   3.1784840e+01
   4.7819443e+01   4.8581276e+01   5.0918420e+01
   5.9717078e+01   9.0330541e+01   1.1661392e+01
   1.6144875e+01   2.0314485e+00   8.4704918e+01
   8.2947425e+01   6.3678745e+01   3.4892188e+01
   9.5612241e+01   9.4405571e+01   1.1405797e+01
   5.9554800e+01   4.0780155e+00   6.3879845e+01
   2.8748213e+00   2.8567164e+01   7.9427190e+01
   8.1211782e+01   6.7725380e+01   3.3041780e+01
   6.1011358e+01   5.8617832e+01   3.7487924e+01
   7.0149260e+01   6.4969619e+00   5.6890136e+01
   9.2196203e+00   8.7921185e+01   3.3022093e+01
   4.2488914e+01   4.8790932e+01   5.2585628e+01
   3.7557666e+01   8.9147557e+01   2.7344154e+01
   1.6615408e+01   7.6229473e+01   4.0792403e+01
   8.3315146e+01   6.5530482e+01   3.4024881e+01
   8.3863970e+01   9.7148152e+01   1.2006412e+01
   4.5161403e+01   1.7113911e+01   7.6374252e+01
   9.5660138e+01   1.3596515e+01   4.6666667e+01
   1.4715324e+01   7.5521067e+01   4.1339803e+01
   8.6993293e+01   3.1321696e+01   4.9439331e+01
   7.6943640e+01   4.6325242e+01   4.4790687e+01
   4.4416162e+01   3.3943415e+01   6.6841949e+01
   6.2062012e+01   9.6218324e-01   6.1457936e+01
   9.5168928e+01   3.3380144e+01   4.6169407e+01
   6.4000966e+01   2.4682326e+01   5.9072140e+01
   2.4732763e+01   9.9406089e+01   3.1666667e+01
   3.5270199e+01   9.0556697e+01   2.8175987e+01
   1.8786048e+01   3.4976835e+01   7.4422355e+01
   4.9064436e+01   2.7811548e+01   6.7076747e+01
   4.0927433e+01   9.2923664e+00   7.9044914e+01
   4.6352558e+01   2.4053028e+01   7.1521071e+01
   6.1094355e+01   9.0164663e+01   1.1507493e+01
   7.1168466e+00   3.2424592e+01   7.6540360e+01
   3.1428029e+01   5.7270335e+01   5.3996298e+01
   6.0838366e+01   1.8506508e+01   6.2517632e+01
   1.7502018e+01   7.3791019e+01   4.2791346e+01
   6.2102743e+01   1.1175640e+01   6.1425702e+01
   2.4595993e+01   3.8375167e+01   7.1275120e+01
   5.8735822e+01   8.6236466e+01   1.6761619e+01
   5.0605345e+01   8.5708293e+01   2.1933921e+01
   4.6477892e+01   8.1936366e+01   2.6714610e+01
   5.4141893e+01   2.4569504e+01   6.5063311e+01
   9.4232657e+01   8.9758832e+01   1.1732459e+01
   3.4175909e+01   6.0412353e+01   5.0736427e+01
   4.0180434e+01   1.3973137e+01   7.9485100e+01
   3.0768794e+01   1.6130135e+01   8.4362946e+01
   4.1156796e+01   8.8315285e+01   2.5784578e+01
   2.8593923e+01   9.7858513e+01   3.1666667e+01
   3.9412761e+01   6.0131758e+01   4.8092245e+01
   5.0301449e+01   3.6180601e+01   6.3229911e+01
   7.2197985e+01   2.3140380e+01   5.6064689e+01
   3.0620855e+01   4.4973047e+01   6.2763916e+01
   1.1216371e+01   6.4310149e+01   5.1577460e+01
   4.4328996e+01   2.4521751e+01   7.2506333e+01
   4.6676255e+01   4.6801362e+01   5.2741830e+01
   1.4668875e+00   4.9743178e+01   5.9030652e+01
   6.6405187e+01   7.4964949e+00   5.8642625e+01
   7.2406171e+01   7.6659484e+01   2.5050082e+01
   2.8163360e+01   4.5367238e+00   8.4704918e+01
   2.6181868e+01   1.6511260e+01   8.4704918e+01
   7.0847140e+01   7.7719862e+01   2.4392306e+01
   7.8385902e+01   2.0834854e+01   5.3705607e+01
   9.8615781e+01   2.5177620e+01   4.6547084e+01
   4.7334271e+01   3.9652384e+01   6.0984768e+01
   9.0281883e+01   4.8068782e+01   4.4020097e+01
   4.5105876e+01   5.0929074e+01   5.0229974e+01
   8.0451681e+01   6.2479654e+01   3.5557787e+01
   8.2886448e+01   6.2554740e+01   3.5474138e+01
   1.6627012e+01   9.9116675e+01   3.1666667e+01
   3.9390601e+01   3.5922196e+01   6.7038517e+01
   5.2075748e+01   2.7599113e+01   6.4945305e+01
   7.1812397e+01   6.7811674e+01   3.3156590e+01
   5.6918952e+01   5.0876268e+01   4.4760683e+01
   4.6080617e+01   2.7685971e+01   6.9225322e+01
   4.4530705e+01   5.7884080e+01   4.6938040e+01
   8.7744606e+00   8.2283546e+01   3.6590120e+01
   4.4348322e+01   9.4145447e+01   2.2732521e+01
   3.6629985e+01   4.4431741e+01   5.9319681e+01
   3.0253382e+01   4.2322912e+01   6.6664346e+01
   8.5184470e+01   9.9619772e+01   1.1870968e+01
   7.5947939e+01   6.1411812e+01   3.6541578e+01
   9.4975928e+01   9.4406607e+01   1.1405797e+01
   5.5793851e+01   9.1208182e+01   1.4978499e+01
   1.4233016e+00   8.1497682e+01   3.7097772e+01
   5.9617708e+01   6.8963693e+01   3.2724497e+01
   8.1620571e+01   3.0865401e+01   5.2727842e+01
   9.7709235e+01   5.5819653e+01   3.9011208e+01
   2.2190808e+01   6.3675759e+01   5.1962183e+01
   7.0368367e+01   7.6908112e+01   2.5116372e+01
   5.2206092e+01   5.4031017e+00   7.1145045e+01
   9.3289706e+01   1.1483134e+01   4.6666667e+01
   7.1335444e+01   8.4599050e+01   1.8702737e+01
   2.2803890e+01   1.7238331e+01   8.4704918e+01
   4.4964210e+01   3.6982983e+00   7.6503397e+01
   1.7219970e+01   3.1255450e+01   7.7460480e+01
   9.6882014e+01   8.1728067e+01   2.0724440e+01
   3.5571610e+01   2.3463670e+01   7.8479661e+01
   4.9046828e+00   5.8744140e+01   5.4438740e+01
   7.5533857e+01   9.2418432e+01   1.2897025e+01
   8.9481276e+01   3.3004915e+01   4.6825083e+01
   2.8614965e+01   2.0554091e+01   8.4409528e+01
   2.5120055e+01   3.6448714e+01   7.3118205e+01
   9.3273619e+01   9.7571471e+01   1.1405797e+01
   1.3098247e+01   7.1689413e+01   4.4789553e+01
   9.4081954e+01   6.4330970e+01   3.4570601e+01
   7.0185317e+01   7.8256725e+01   2.3913166e+01
   8.4767647e+01   4.6648183e+01   4.5060051e+01
   2.0927164e+01   2.3227725e+01   8.2881510e+01
   4.5509169e+01   3.1787897e+01   6.7641360e+01
   8.1073725e+00   7.8879187e+01   3.8853860e+01
   8.5112240e+01   6.3444276e+01   3.5011284e+01
   5.6204868e+01   6.5978285e+01   3.7812481e+01
   3.1929630e+01   5.3758345e+01   5.5134227e+01
   3.7489926e+01   9.1921660e+01   2.6827644e+01
   8.6779570e+01   7.8050604e+01   2.4100200e+01
   3.7217624e+01   3.2670948e+01   7.0838888e+01
   7.3690056e+00   7.3874777e+01   4.2717419e+01
   1.9983800e+01   4.3773386e+01   6.5062836e+01
   4.9493280e+00   5.9179652e+01   5.4238572e+01
   5.6670978e+01   1.1450921e+01   6.7042692e+01
   1.2192475e+01   3.1916564e+01   7.6946693e+01
   5.2211176e+01   6.2185335e+01   4.2155703e+01
   1.1706015e+01   8.9455368e+01   3.2019625e+01
   7.6991848e+01   9.6358606e+01   1.2734082e+01
   3.7505580e+01   2.0063477e+00   8.0995113e+01
   8.2338720e+01   1.1065185e+01   5.1996277e+01
   4.6636146e+00   4.0302005e+01   6.9260478e+01
   5.9791326e+01   9.7195066e+00   6.3592162e+01
   9.4915039e+01   2.9304897e+01   4.6326340e+01
   2.8879765e+01   6.7870762e+01   4.8926229e+01
   8.8883261e+01   9.7979167e+01   1.1509628e+01
   1.0158548e+01   3.9943359e+01   6.9644275e+01
   6.5314507e+00   8.2088429e+01   3.6716930e+01
   2.3429973e+01   1.3161932e+01   8.4704918e+01
   9.3309842e+01   8.4489117e+01   1.7975573e+01
   6.3127896e+00   2.3272666e+01   8.2855165e+01
   2.6421766e+01   6.7154611e+00   8.4704918e+01
   9.9953167e+01   3.3145213e+01   4.6154330e+01
   2.1198796e+01   5.7523452e+01   5.4989446e+01
   4.9840980e+01   1.3681927e+01   7.3039639e+01
   2.9048830e+01   8.6779769e+01   3.3736713e+01
   6.7275441e+01   3.2926621e+01   5.4807857e+01
   9.5799112e+01   4.8800189e+01   4.3472010e+01
   7.6655153e+01   4.3153673e+01   4.8699115e+01
   6.6612374e+01   2.6054157e+01   5.8198732e+01
   1.3094482e+01   9.8300281e+01   3.1666667e+01
   9.5413016e+00   9.6569796e+01   3.1666667e+01
   1.4864337e+00   9.4851732e+01   3.1666667e+01
   2.8819335e+01   4.5172239e+01   6.3126917e+01
   8.1673121e+01   3.3169299e+01   5.2861844e+01
   9.8548351e+01   7.7594660e-01   4.6666667e+01
   1.7362693e+00   1.6583996e+01   8.4704918e+01
   8.1939293e+01   8.2816690e+01   1.9672790e+01
   6.2113871e+01   6.4340074e+01   3.4566108e+01
   5.6022204e+01   3.2227517e+01   5.9484310e+01
   2.4403153e+01   2.6369566e+00   8.4704918e+01
   8.2200759e+01   3.5544292e+01   5.2297363e+01
   2.6321193e+01   7.4388453e+01   4.2275240e+01
   7.5363453e+01   2.9866381e+01   5.4863622e+01
   6.5964480e+01   1.8122317e+01   5.8877011e+01
   2.1406286e+01   4.1519170e+01   6.7888795e+01
   6.0211691e+01   8.6734000e+01   1.5518491e+01
   6.0493711e+01   6.2493985e+01   3.5505539e+01
   6.5950155e+01   5.5202289e+00   5.8885033e+01
   1.8336363e+01   4.0409289e+01   6.9144347e+01
   6.3654691e+01   3.0196018e+01   5.6050275e+01
   1.7030911e+01   1.5231972e+01   8.4704918e+01
   5.3960111e+01   3.0916820e+01   6.1929200e+01
   6.2339418e+01   3.2582914e-01   6.1240194e+01
   6.8588997e+01   4.3740886e+01   4.8023720e+01
   6.7734595e+01   6.7641130e+01   3.3038692e+01
   8.7683002e+01   8.2291300e+01   2.0183651e+01
   1.2890500e+00   7.5584534e+01   4.1291207e+01
   3.1040223e+01   1.6263890e+01   8.4240680e+01
   7.7907925e+01   5.5204308e+01   3.9360440e+01
   3.0729608e+01   5.2509370e+01   5.6739533e+01
   9.2667831e+01   9.1935528e+01   1.1405797e+01
   6.7871988e+01   4.4190695e+01   4.7501340e+01
   7.4321493e+00   4.4802340e+00   8.4704918e+01
   7.0669191e+00   9.6458349e+01   3.1666667e+01
   1.1930467e+00   1.3462415e+00   8.4704918e+01
   2.2715372e+01   5.5202350e+01   5.6047335e+01
   5.1625200e+01   9.3429963e+01   1.8051520e+01
   4.5820422e+01   8.9860886e+01   2.1930970e+01
   7.0320334e+01   6.1798972e+01   3.5896458e+01
   5.8248388e+01   6.9992451e+01   3.2432463e+01
   5.0920600e+01   9.3909501e+01   1.8542524e+01
   7.4289609e+00   4.5208415e+01   6.3084016e+01
   1.9323631e+01   1.7667178e+01   8.4704918e+01
   3.7960413e+01   6.1676520e+01   4.8072447e+01
   2.7643472e+01   5.1838015e+01   5.7749153e+01
   7.7088184e+01   3.6449306e+01   5.3441232e+01
   3.1392999e+01   7.7330971e+01   3.8726885e+01
   6.3819322e+01   8.2827699e+01   1.9662122e+01
   9.8656686e+01   3.1839010e+01   4.6155353e+01
   5.0287580e+01   5.9597957e+01   4.4152407e+01
   9.4770338e+01   7.8181805e+01   2.3981007e+01
   8.2802584e+01   3.3592350e+00   5.1766925e+01
   9.1755720e+01   8.5697746e+01   1.6683098e+01
   1.1307983e+01   6.8261099e+01   4.8561598e+01
   8.1212591e+01   8.0185059e+01   2.2167868e+01
   9.0826256e+01   9.1769708e+01   1.1405797e+01
   1.5637612e+01   3.8810989e+01   7.0835110e+01
   1.2211877e+01   4.7198094e+01   6.1010660e+01
   7.6266647e+01   8.8058340e+00   5.4524003e+01
   7.2180028e+01   9.2510541e+01   1.2646370e+01
   6.5163982e+01   6.7847986e+01   3.2843257e+01
   7.5402267e+01   6.4103233e+01   3.5425074e+01
   6.6316201e+01   9.9590779e+01   1.2024096e+01
   8.8349350e+01   4.9954242e+01   4.2639627e+01
   2.7215744e+01   4.3005161e+01   6.6074175e+01
   4.1943272e+01   8.2916860e+01   2.8618187e+01
   2.1299366e+01   1.1669606e+01   8.4704918e+01
   3.5599967e+00   5.9868431e+01   5.3919783e+01
   8.1163704e+00   2.2122456e+01   8.3525763e+01
   8.5056678e+01   3.9867688e+01   5.0555762e+01
   3.4020345e+01   3.0115234e+01   7.4854899e+01
   4.6615498e+01   6.3354396e+01   4.3605900e+01
   9.1376324e+01   9.4498331e+01   1.1405797e+01
   2.2857671e+01   5.8708086e-01   8.4704918e+01
   8.6204490e+01   8.1659885e+01   2.0788828e+01
   6.5661854e+01   6.9088527e+01   3.2199345e+01
   8.9118280e+01   9.8098479e+01   1.1487321e+01
   4.8814352e+01   6.9739644e+00   7.3813847e+01
   9.9264565e+01   4.4954753e+00   4.6666667e+01
   3.7332594e+01   7.3995374e+01   3.6461151e+01
   5.3137832e+01   8.1912169e+01   2.3779484e+01
   1.8131633e+01   2.6084057e+01   8.1105071e+01
   5.0194434e+01   7.0401274e+01   3.5370946e+01
   4.2219483e+01   2.9647567e+01   7.0616748e+01
   6.6042740e+01   8.2291002e+00   5.8834350e+01
   6.7365301e+01   8.7538362e+01   1.5194178e+01
   9.5733018e+01   7.7451651e+00   4.6666667e+01
   1.9186575e+01   7.4098431e+01   4.2522770e+01
   1.1121644e+01   1.2507013e+01   8.4704918e+01
   5.6505387e+01   4.4371293e+01   5.0819105e+01
   9.6916627e+01   5.9248312e+01   3.7161631e+01
   2.3743871e+00   6.3634804e+01   5.1985402e+01
   8.7021582e+01   5.3273484e+01   4.0483869e+01
   2.6876593e+00   2.0871653e+01   8.4238076e+01
   5.1952869e+01   6.7372807e+01   3.8362760e+01
   1.9229142e+01   2.4190850e+01   8.2299587e+01
   7.1568905e+01   7.2052936e+01   2.9398148e+01
   2.5067278e+01   3.9996405e+01   6.9585971e+01
   9.3386482e+01   3.9403595e+01   4.6526875e+01
   1.3718931e+01   4.1150225e+01   6.8313620e+01
   5.2162234e+01   1.4974372e+01   7.1181762e+01
   8.9520169e+01   8.7823288e+01   1.4228817e+01
   9.4238725e+01   2.1755794e+00   4.6666667e+01
   3.3508338e+01   9.2383268e+01   2.9285987e+01
   4.3736382e+01   6.3261736e+01   4.4742691e+01
   4.7115591e+01   6.6915789e+00   7.5043127e+01
   1.4931034e+01   6.3267259e+01   5.2192159e+01
   1.3586439e+01   7.5374407e+01   4.1452619e+01
   5.3249823e+01   7.6966282e+01   2.7976136e+01
   7.2578931e+01   8.0803605e+01   2.1595677e+01
   3.9870305e+01   5.4333387e+01   4.9964080e+01
   3.5841852e+01   4.8508409e+01   5.5208327e+01
   2.8527941e+01   4.4121926e+01   6.4593386e+01
   8.6863524e+01   6.2649857e+01   3.5424668e+01
   6.2641267e+01   7.7783158e+00   6.1007953e+01
   2.4117231e+01   5.4406284e+01   5.6424626e+01
   9.7808165e+01   2.0909703e+01   4.6658561e+01
   6.4050078e+01   2.6999867e+01   5.7659379e+01
   2.2984865e+01   2.9168146e+01   7.9000215e+01
   6.8133515e+01   8.2222057e+01   2.0251237e+01
   6.6582341e+01   4.1149818e+01   5.0374105e+01
   1.3471797e+01   5.2695564e+01   5.7283160e+01
   2.2493293e+00   9.2020805e+01   3.1666667e+01
   2.6219945e+01   3.7913563e+01   7.1727667e+01
   1.1651516e+01   6.3889879e+01   5.1835308e+01
   6.9318238e+00   1.7373889e+01   8.4704918e+01
   8.5293050e+01   7.8580018e+01   2.3622247e+01
   1.8033067e+01   3.6563105e+01   7.3012915e+01
   3.2418564e+00   7.7694198e+01   3.9697034e+01
   7.3392626e+01   3.4214632e+01   5.4284066e+01
   5.3651682e+01   7.7417596e+01   2.7431994e+01
   2.7602966e+01   1.4783221e+01   8.4704918e+01
   3.6845815e+01   1.4824230e+01   8.1346839e+01
   1.2886306e+00   6.3905162e+01   5.1826021e+01
   8.8920608e+01   9.3372996e+00   4.7706657e+01
   8.6602060e+01   9.2878840e+01   1.1730478e+01
   2.5424693e+01   4.8513584e+01   5.9911139e+01
   5.6948060e+01   1.6324513e+01   6.6754656e+01
   1.5926482e+01   2.7634206e+01   8.0062989e+01
   5.9436442e+01   1.3097372e+01   6.4021586e+01
   3.3110008e+01   2.3220097e+00   8.3250212e+01
   6.5861265e+01   2.3129737e+01   5.8934934e+01
   8.6363422e+01   8.4525855e+01   1.7937000e+01
   5.6762331e+01   7.2635615e+01   3.0399414e+01
   9.8048127e+01   6.9468779e+01   3.1942918e+01
   7.9183160e+01   3.8310627e+01   5.2349230e+01
   1.5259362e+01   4.7984251e+01   6.0335665e+01
   8.3302723e+01   9.6707892e+01   1.2062192e+01
   1.9186326e+01   7.8353604e+01   3.9225110e+01
   6.3898657e+01   4.0973602e+01   5.0471234e+01
   6.6900008e+01   9.5736517e+01   1.2082852e+01
   7.7208780e+01   1.9697929e+01   5.4164294e+01
   3.7981775e+01   5.2934481e+01   5.1424934e+01
   4.4158549e+01   5.0419282e+01   5.0861085e+01
   4.8305999e+01   4.8340677e+01   5.0907307e+01
   6.0810566e+01   3.7761358e+01   5.2472061e+01
   1.7599564e+01   5.1971965e+01   5.7674817e+01
   2.0255610e-01   8.1576890e+01   3.7046719e+01
   7.9022400e+01   2.0862876e+01   5.3451098e+01
   5.1360850e+01   3.8879508e+01   6.0758340e+01
   2.1322938e+01   4.6142682e+00   8.4704918e+01
   1.0344980e+01   3.0480456e+01   7.8039741e+01
   1.5733667e+01   8.1383942e+01   3.7171118e+01
   4.0751498e+01   6.8209397e+01   4.2129151e+01
   4.0775702e+01   8.8243724e+01   2.6057064e+01
   5.2692688e+00   8.1798941e+00   8.4704918e+01
   9.4181515e+01   4.9482566e+01   4.2973919e+01
   1.4997168e+01   4.3033078e+01   6.6038700e+01
   3.8437405e+01   3.4545758e+01   6.8669836e+01
   3.1105856e+01   9.1365962e+01   3.0880544e+01
   1.6853444e+01   1.6017165e+01   8.4704918e+01
   8.9664815e+01   3.8786915e+01   4.6856372e+01
   3.2272443e+01   9.6721666e+01   3.0094223e+01
   7.3399632e+01   6.6724690e+00   5.5602281e+01
   4.1090418e+01   3.1672763e+01   6.9729025e+01
   3.9979385e+01   1.2672360e+01   7.9600721e+01
   5.0552221e+01   1.1580013e+01   7.2482599e+01
   1.6930586e+01   1.6435755e+01   8.4704918e+01
   5.2474549e+01   9.3947800e+00   7.0918165e+01
   6.4120266e+01   5.3213249e+01   4.0521813e+01
   1.6197484e+00   7.6240446e+01   4.0783645e+01
   8.3685156e+01   4.1749569e+01   4.9898460e+01
   8.0346219e+01   8.3552963e+01   1.8936610e+01
   6.9778483e+01   8.0472910e+01   2.1900487e+01
   4.6188778e+01   9.1711659e-01   7.5688321e+01
   8.2612618e+00   6.4471331e+01   5.1477197e+01
   8.2071701e+01   1.1235277e+01   5.2121704e+01
   1.9302002e+01   2.1570199e+01   8.3847543e+01
   4.4535473e+01   9.0928716e+01   2.2619523e+01
   1.2957830e+00   1.4467848e+01   8.4704918e+01
   3.0874180e+01   2.0747787e+01   8.3475029e+01
   8.7535098e+01   8.5064079e+01   1.7374739e+01
   8.3525940e+01   7.1310907e+01   3.0297580e+01
   3.3309507e+01   8.0424879e+00   8.3154584e+01
   8.8070533e+01   8.1869909e+01   2.0590733e+01
   4.7968681e+01   3.4895878e+01   6.5258284e+01
   5.6081673e+01   1.6254734e+01   6.7636176e+01
   6.1590866e+01   5.3975099e+01   4.0071482e+01
   6.6189901e+01   9.2332697e+01   1.2011678e+01
   6.1663323e+01   4.3712357e+01   4.8124279e+01
   6.8514000e+01   5.4012537e+01   4.0049500e+01
   5.1015303e+01   6.9835335e+01   3.5725708e+01
   7.1396084e+01   2.0543851e-01   5.6381258e+01
   5.1520790e+01   8.3660328e+01   2.2936773e+01
   6.0586579e+01   8.8942373e+01   1.2823785e+01
   9.6670263e+01   1.9751060e+00   4.6666667e+01
   8.2211740e+01   9.8419952e+00   5.2056056e+01
   3.1775068e+01   3.7415558e+01   7.0510011e+01
   5.8769677e+01   9.6747892e+01   1.2511224e+01
   1.3020167e+01   6.1958534e+01   5.2896288e+01
   2.5435426e+01   6.7003835e+01   4.9674063e+01
   8.0303090e+01   4.5616918e+01   4.5771956e+01
   6.6784589e+01   8.3803533e+01   1.8685898e+01
   1.3626353e+00   8.2309807e+01   3.6573042e+01
   5.6157937e+01   5.4211211e+01   4.3321402e+01
   4.5456094e+01   9.2391182e+00   7.6180737e+01
   9.0494922e+01   2.9527639e+01   4.6313533e+01
   2.8215885e+01   6.0223769e+01   5.3752244e+01
   6.5034354e+00   1.8283858e+01   8.4704918e+01
   4.7659189e+01   7.3317025e+01   3.3293270e+01
   9.8371192e+01   5.4889198e+01   3.9540699e+01
   9.2234958e+01   1.5616039e+01   4.6666667e+01
   5.6119625e+01   9.2507026e+01   1.4717325e+01
   6.5232469e+01   2.0215511e+01   5.9294077e+01
   7.7267960e+01   8.4485608e-01   5.4141513e+01
   1.0617579e+01   6.8911142e+01   4.7914153e+01
   1.0733656e-01   4.0096769e+01   6.9479838e+01
   5.4176379e+01   3.7958292e+01   5.9235793e+01
   6.8577917e-01   9.0318605e+01   3.1666667e+01
   4.5133767e+01   9.4335044e+01   2.2257305e+01
   1.9566205e+01   4.7397950e+01   6.0829478e+01
   7.8714313e+01   1.7760485e+00   5.3574632e+01
   6.1856262e+01   8.1995453e+01   2.0472663e+01
   1.5520957e+00   5.7388459e+00   8.4704918e+01
   8.9085396e+01   9.0127967e+00   4.7553787e+01
   7.6170319e+01   6.9665460e+01   3.2125739e+01
   9.0703504e+01   1.4714915e+01   4.6666667e+01
   7.5856860e+01   5.7578770e+00   5.4678218e+01
   3.8072994e+01   6.3357737e+00   8.0679859e+01
   3.3111079e+01   7.2282963e+01   4.0797434e+01
   5.0407844e+01   3.3708240e+00   7.2597400e+01
   5.6456859e+01   6.9571751e+01   3.3858406e+01
   7.6719736e+01   2.2117649e+01   5.4352035e+01
   7.7986778e+01   6.2538607e+01   3.5794846e+01
   4.8409788e+01   5.1329271e+01   4.8865302e+01
   8.0221322e+01   5.7570811e+01   3.8058747e+01
   4.7101215e+01   2.8724391e+01   6.7965013e+01
   2.0275890e+01   8.9268470e+01   3.2138510e+01
   5.7961489e+01   9.2592703e+00   6.5693000e+01
   6.6650026e+01   2.9248458e+01   5.6500488e+01
   6.7676529e+01   8.2189861e+01   2.0282684e+01
   9.4251124e+01   9.9401909e+01   1.1405797e+01
   7.7014853e+01   6.7816045e+00   5.4238852e+01
   7.3740432e+01   9.7308533e+01   1.2817840e+01
   8.6626227e+01   9.2278756e+01   1.1728063e+01
   9.9094832e+01   9.5873119e+01   1.1405797e+01
   5.0392760e+01   5.6316367e+01   4.5520338e+01
   6.2908555e+01   9.5052530e+01   1.1682178e+01
   7.9261032e+01   3.1822406e+01   5.3786405e+01
   4.4864921e+01   2.6589708e+01   7.0685483e+01
   5.2435711e+01   6.1084222e+00   7.0951216e+01
   1.7147322e+01   3.3276783e+01   7.5862663e+01
   1.3066575e+01   2.9242284e+01   7.8946566e+01
   2.1878112e+01   4.0248467e+01   6.9318053e+01
   1.0548050e+01   3.4112300e+00   8.4704918e+01
   1.4142585e+01   2.8746889e+01   7.9301798e+01
   4.5696830e+01   2.1962134e+01   7.3856433e+01
   7.8813305e+01   5.6592787e+01   3.8576062e+01
   2.8106398e+01   8.7009289e+01   3.3586942e+01
   2.2478673e+01   2.5498648e+01   8.1476869e+01
   9.0887473e+01   5.9181033e+01   3.7196352e+01
   7.3288452e-01   5.2269269e+01   5.7511165e+01
   5.8873933e+01   1.2914619e+01   6.4675814e+01
   5.4211787e+01   3.7760137e-01   6.9395065e+01
   6.5352398e+01   3.2581647e+01   5.4963253e+01
   3.1343498e+01   3.6076282e+01   7.2149447e+01
   2.3115882e+01   9.9403474e+01   3.1666667e+01
   4.1606383e+01   9.3996293e+01   2.4376665e+01
   2.9879879e+01   4.3413808e+01   6.5545169e+01
   6.7243639e+01   9.3550529e+01   1.2118517e+01
   9.3825748e+01   4.9683294e+01   4.2830680e+01
   3.4314769e+01   9.7107097e+01   2.8775059e+01
   5.6296257e+01   9.5767394e+01   1.4577268e+01
   1.1888856e+01   7.2072586e+01   4.4409571e+01
   1.6902126e+01   6.4796353e+01   5.1272655e+01
   2.7889542e+01   8.6260004e+01   3.4072629e+01
   5.5681466e+01   3.0909188e+00   6.8025059e+01
   4.8558916e+01   3.6587797e+01   6.3728971e+01
   9.5222323e+01   9.3820534e+00   4.6666667e+01
   2.3192084e+01   3.3464995e+01   7.5709341e+01
   4.7865839e+01   7.3275317e-01   7.4500806e+01
   5.2652240e+01   8.1552637e+01   2.4300108e+01
   7.9272079e+01   2.5009804e+00   5.3350509e+01
   1.9300765e+01   4.2420315e+01   6.6800458e+01
   9.0960045e+01   3.3802001e+00   4.6666667e+01
   9.2219639e+01   6.7670340e+01   3.2883396e+01
   1.3266366e+00   3.2795739e+01   7.6247485e+01
   7.6754963e+01   5.6006752e+01   3.8898131e+01
   9.4734264e+01   4.2480712e+01   4.6635768e+01
   8.1330552e+01   1.5010103e+01   5.2464331e+01
   9.2382979e+01   6.4363273e+00   4.6666667e+01
   1.9899726e+01   6.1644487e+01   5.3057661e+01
   6.7427164e+01   6.2900584e+01   3.5293987e+01
   9.2710309e+01   1.7663819e+01   4.6666667e+01
   3.4381659e+01   4.0791710e+01   6.5032168e+01
   5.9449294e+01   7.0613928e+01   3.1246328e+01
   6.1548700e+01   4.2979022e+01   4.8826276e+01
   3.3740749e-01   2.1093225e+01   8.4117505e+01
   9.8201257e+01   5.9098997e+01   3.7238701e+01
   8.9951309e+01   8.3720285e+01   1.8769134e+01
   6.9275735e+01   8.8828782e+01   1.4021111e+01
   4.3965368e+01   8.8560405e+01   2.3964270e+01
   7.0102291e+01   9.6290796e+01   1.2421966e+01
   6.0971499e+01   7.6963249e+01   2.5068414e+01
   2.9988566e+01   3.6794262e+01   7.2797787e+01
   8.5603719e+01   6.8135384e+00   5.0206347e+01
   1.1207217e+01   1.0889649e+01   8.4704918e+01
   2.9156041e+01   9.3682163e+01   3.1666667e+01
   9.7446728e+00   5.1105547e+01   5.8167470e+01
   3.9744797e+01   2.1127778e+01   7.8445258e+01
   3.3331265e+01   4.2110506e+01   6.4262690e+01
   9.4423471e+01   8.2953865e+01   1.9539976e+01
   8.3855545e+01   1.4246931e+01   5.1219736e+01
   2.5842740e+01   3.2163216e+01   7.6750693e+01
   4.2898125e+00   8.1790876e+01   3.6908900e+01
   5.8847898e-01   2.9338345e+01   7.8876796e+01
   5.7441797e+01   7.9951482e+00   6.6246888e+01
   7.4390195e+01   9.2830874e+01   1.2889041e+01
   8.0683078e+01   1.6677465e+01   5.2752539e+01
   6.3757064e+01   3.8677261e+01   5.1961331e+01
   2.5127131e+01   4.8601078e+01   5.9842455e+01
   1.4432045e+01   8.1087399e+01   3.7362548e+01
   6.5155113e+01   4.0570801e+01   5.0753706e+01
   9.4608693e+01   7.9502716e+01   2.2789567e+01
   8.1588680e+01   1.9377034e+00   5.2345910e+01
   9.3024707e+01   9.5665662e+01   1.1405797e+01
   3.0994136e+01   8.5491577e+01   3.3823405e+01
   2.6881711e+01   9.8631368e+01   3.1666667e+01
   5.3645104e+01   2.5069681e+01   6.5141739e+01
   1.6327830e+01   4.8251490e+01   6.0119385e+01
   2.1098802e+01   3.2461248e+01   7.6510643e+01
   2.1681209e+01   5.7401704e+00   8.4704918e+01
   6.5178983e+01   2.9096834e+01   5.6573598e+01
   5.2776186e+00   6.7607539e+01   4.9165585e+01
   2.2929028e+01   9.5215246e+01   3.1666667e+01
   6.6743213e+01   4.0272700e+00   5.8466304e+01
   3.1093368e+01   8.2161657e+01   3.5822056e+01
   3.0663286e+01   2.2362011e+01   8.2750375e+01
   7.2067988e+01   9.9969725e+01   1.2635029e+01
   9.5440651e+01   2.6052565e+01   4.6504481e+01
   1.3113839e+01   2.3028285e+01   8.2997951e+01
   6.8276809e+00   5.2508905e+01   5.7380748e+01
   1.2522727e+01   5.6067296e+01   5.5647777e+01
   1.6615342e+01   8.2602993e+01   3.6382232e+01
   9.1141746e+01   2.8846037e+01   4.6352119e+01
   1.3626027e+01   2.5271187e+01   8.1619155e+01
   6.1699542e+01   2.4024804e+01   5.9529897e+01
   2.6898165e+01   5.5149203e+01   5.6072023e+01
   2.2066403e+01   2.1533689e+01   8.3868631e+01
   7.1290102e+01   6.6549314e+01   3.3804252e+01
   5.4899644e+01   3.0886419e+01   6.1097984e+01
   9.4134842e+01   4.6977860e+01   4.4896466e+01
   3.2986478e+01   5.0580441e+01   5.5837874e+01
   7.0448630e+01   6.8838660e+01   3.2484445e+01
   9.4342546e+01   1.9286504e+01   4.6666667e+01
   5.8159434e+01   2.7356542e+01   5.9525495e+01
   8.8015418e+01   9.2632676e+01   1.1594210e+01
   7.4961164e+01   2.3474086e+01   5.5014564e+01
   3.7961734e+01   1.2798187e+01   8.0742121e+01
   7.2556128e+01   4.1261782e+01   5.0535788e+01
   1.6279820e+01   6.3472160e+01   5.2077253e+01
   9.5620461e+01   1.8154521e+01   4.6666667e+01
   1.9622883e+01   4.0323122e+01   6.9237700e+01
   7.7619251e+01   6.8876349e+01   3.2548378e+01
   6.1329572e+01   3.2589296e+01   5.4959809e+01
   1.6228023e+01   9.2328432e+01   3.1666667e+01
   3.1054053e+00   7.5713401e+01   4.1192950e+01
   2.8862882e+01   4.0111255e+01   6.9464474e+01
   9.7106428e+01   1.9610905e+01   4.6666667e+01
   9.5049934e+01   4.0027549e+01   4.6556491e+01
   2.2804781e+01   1.5447530e+01   8.4704918e+01
   9.5852608e+01   6.4571303e+00   4.6666667e+01
   6.7985826e+01   1.2034604e+01   5.7851413e+01
   5.4969208e+00   2.9341636e+00   8.4704918e+01
   5.9984132e+01   8.6518759e+01   1.5772259e+01
   3.9314599e+01   4.1419778e+01   6.1772697e+01
   2.1536619e+01   7.9193160e+01   3.8633014e+01
   1.8239962e+01   8.1639726e+01   3.7006234e+01
   7.6754024e+00   3.9531626e+01   7.0088944e+01
   7.4236960e-01   8.2594564e+01   3.6387721e+01
   7.8878300e+01   3.3762329e+01   5.3793614e+01
   1.7787630e+00   1.9735456e+01   8.4704918e+01
   8.7794147e+01   5.1007079e+01   4.1925500e+01
   3.5254177e+01   2.0988789e+01   8.1056298e+01
   7.2213977e+01   5.7998466e+01   3.7821530e+01
   9.6845084e+01   9.7921349e+01   1.1405797e+01
   1.5566798e+01   4.6712232e+01   6.1463749e+01
   1.6295554e+01   8.0211830e+01   3.7951046e+01
   3.1339737e+01   4.3294827e+01   6.4397069e+01
   2.9381548e+00   2.4118275e+01   8.2344862e+01
   3.5762512e+01   6.3462401e+01   4.8286683e+01
   2.7190398e+00   3.6718489e+01   7.2868657e+01
   7.9366702e+01   4.3145909e+01   4.8655298e+01
   9.9923075e+01   3.0192019e+01   4.6272021e+01
   1.1023852e+01   4.3217640e+01   6.5801742e+01
   6.2260116e+01   6.9052386e+01   3.2163042e+01
   1.3257185e+01   5.1228749e+01   5.8092831e+01
   3.1002979e+01   9.9137353e+01   3.0951639e+01
   1.3478769e+01   1.8407145e+01   8.4704918e+01
   2.2332631e+01   5.5896817e+01   5.5726199e+01
   3.9654679e+01   4.8704920e+01   5.3604275e+01
   1.3514349e+01   3.9748637e+01   6.9856295e+01
   2.4105869e+01   4.9284849e+01   5.9346759e+01
   9.2751615e+01   9.6884387e+01   1.1405797e+01
   3.9110087e+01   8.2703186e+01   3.0259495e+01
   5.1126277e+01   1.2838543e+01   7.2021824e+01
   9.2896116e+00   8.4226174e+01   3.5355471e+01
   2.1698914e+00   7.8947447e+01   3.8805942e+01
   1.5953483e+01   3.4483223e+01   7.4854272e+01
   8.4451594e+01   7.3849634e+01   2.7868308e+01
   8.7915348e+01   5.9510178e+00   4.8559992e+01
   1.8698953e+01   5.5864852e+01   5.5740922e+01
   9.9130492e+01   7.8271927e+01   2.3899420e+01
   7.1202984e+01   1.4076745e+01   5.6458466e+01
   8.7136462e+01   5.5765032e+01   3.9042062e+01
   4.7963118e+01   2.0544898e+01   7.3781950e+01
   4.9600493e+01   8.6049171e+01   2.2321577e+01
   2.8753186e+01   2.5735272e+01   8.1327567e+01
   6.0941451e+00   2.7763771e+01   7.9976177e+01
   2.6246770e+01   2.8816628e+01   7.9252270e+01
   1.8626102e+01   7.3477549e+01   4.3071536e+01
   9.1708979e+01   4.9701227e+01   4.2817954e+01
   1.2327869e+01   5.4673471e+00   8.4704918e+01
   1.3445383e+00   1.9128916e+01   8.4704918e+01
   3.6969072e+01   7.2456538e+01   3.8556597e+01
   6.9864111e+01   9.7366140e+01   1.2396330e+01
   8.8934721e+01   7.0448803e+01   3.1183167e+01
   5.9377052e+01   8.0152582e+01   2.2489823e+01
   1.5669090e+01   2.0624791e+01   8.4371494e+01
   3.1668942e+01   7.7266717e+01   3.8536917e+01
   2.3339549e+01   8.7269862e+01   3.3424966e+01
   8.4220637e-01   8.0738926e+01   3.7589217e+01
   3.9690379e+01   7.5662759e+01   3.3761020e+01
   6.4986813e+01   9.0461282e+01   1.1888112e+01
   8.5000606e+00   4.2099859e+01   6.7197352e+01
   7.6880950e+01   6.5840027e+01   3.4346304e+01
   9.6970170e+01   1.2965596e-01   4.6666667e+01
   7.1479723e+01   9.8200178e+01   1.2568247e+01
   7.8196184e+01   4.1231440e+01   5.0509454e+01
   2.3756508e+01   3.4759777e+01   7.4613774e+01
   1.9573076e+01   6.6817227e+01   4.9825387e+01
   2.6321392e+01   4.4367530e+01   6.4252441e+01
   7.1378506e+01   8.3986997e+01   1.9148082e+01
   9.7759974e+01   5.2951640e+01   4.0687411e+01
   6.3712194e+01   2.5714143e+01   5.8407496e+01
   5.4592416e+01   1.5629855e+01   6.9052278e+01
   8.4805722e+01   5.5781613e+01   3.9032692e+01
   8.0209766e+01   9.6130029e+01   1.2388008e+01
   6.6830641e+01   9.5127264e+01   1.2075752e+01
   6.7098263e+01   7.3486523e+01   2.8148077e+01
   8.2064368e+01   2.2255539e+01   5.2125133e+01
   9.7047237e+01   4.9663086e+01   4.2845034e+01
   4.8692500e+01   7.0241713e-01   7.3903390e+01
   8.1746854e+01   3.1619153e+01   5.2791653e+01
   6.4157117e+01   7.3841663e+01   2.7875532e+01
   3.0634936e+01   7.9033593e+01   3.8204050e+01
   6.6093213e+01   4.0028265e+01   5.1127091e+01
   3.5801711e+01   3.9988762e+01   6.5006550e+01
   9.3819943e+01   2.5169191e+01   4.6547487e+01
   4.8766697e+01   9.1911860e+00   7.3848933e+01
   9.0990358e+00   6.0220497e+01   5.3753802e+01
   6.7383412e+01   8.3244850e+01   1.9246582e+01
   5.1488032e+01   2.9348370e+01   6.4595218e+01
   2.2157935e+01   4.6553725e+01   6.1615573e+01
   7.2500937e+01   4.5526841e+00   5.5947581e+01
   6.8246611e+00   8.5722508e+00   8.4704918e+01
   9.6412427e+01   5.1314471e+01   4.1721342e+01
   2.0765659e+01   7.1542739e+01   4.4936170e+01
   1.6111823e+01   3.5435579e+00   8.4704918e+01
   6.3822138e+01   9.7957826e+01   1.1773382e+01
   2.2817289e-02   4.9744925e+01   5.9029463e+01
   3.3563294e+01   7.0074386e+01   4.3969367e+01
   2.7509982e+01   8.0312889e+01   3.7881000e+01
   4.4527520e+00   5.1667426e+01   5.7844372e+01
   9.3896498e+00   5.0269787e+01   5.8685463e+01
   4.0999740e+01   7.5473856e+01   3.3516782e+01
   8.1689232e+01   2.3810722e+01   5.2299518e+01
   8.7051707e+01   9.4307556e+01   1.1686053e+01
   2.2555120e+00   8.8625294e+00   8.4704918e+01
   7.2717698e+01   5.4300949e+01   3.9605106e+01
   8.4800945e+01   9.0345199e+01   1.1909598e+01
   7.2860019e+01   8.6132162e+01   1.7870779e+01
   9.5509863e+01   6.3147979e+01   3.5164643e+01
   6.5635111e+01   2.6236351e+01   5.8088239e+01
   7.4230513e+01   3.7901759e+01   5.2951050e+01
   3.4496601e+01   3.3732378e+01   7.1678036e+01
   8.8402195e+01   3.1459491e+01   4.8097674e+01
   3.4724409e+01   9.4710316e+01   2.8516117e+01
   5.9476681e+00   5.3517088e+01   5.6859880e+01
   7.1841459e+01   7.0195513e+01   3.1597943e+01
   9.5821429e+01   8.7503796e+01   1.4609444e+01
