  2.5479786e+001  6.5034708e+001
  4.3048905e+000  1.8600344e+001
  9.3281603e+001  8.0068052e+001
  1.0314263e+001  4.9971613e+001
  9.2313846e+001  9.2171021e+001
  8.0151522e+001  1.4077974e+001
  7.2772558e+001  1.7968446e+001
  3.4933261e+001  9.3359561e+001
  8.5484738e+001  4.4513908e+001
  5.5819634e+001  3.3579275e+001
  8.4238908e+001  2.1227895e+001
  8.3996125e+001  4.2507078e+001
  3.6788281e+001  7.2892238e+000
  6.8696952e+001  7.7968250e+001
  8.9425548e+001  6.3333576e+001
  8.6077149e+001  4.6787082e+001
  7.2572222e+001  2.0211393e+001
  9.0316491e+001  4.6226675e+000
  9.0195516e+001  4.3242059e+001
  6.6042085e+001  8.8032984e+001
  8.7006319e+001  3.4618712e+001
  9.3547725e+001  5.2555777e+001
  5.1152219e+001  2.4671070e+001
  1.7932783e+001  4.6051043e+001
  6.9529147e+001  8.7849355e+001
  7.7244197e+001  5.1600732e+001
  1.0818423e+001  8.7858690e+001
  2.1690470e+000  1.3436685e+001
  4.1350216e+001  7.0349018e+001
  6.1586542e+001  2.4704101e+001
  7.0178441e+001  1.8119116e+001
  9.6611238e+001  2.6328021e+001
  7.0386735e+001  9.5311641e+001
  4.0347008e+001  9.5524161e+001
  9.5800880e+001  9.6241897e+001
  2.7727615e+001  3.3104601e+001
  7.3230249e+001  5.0274895e+000
  9.0767044e+001  7.8920437e+001
  8.2087961e+001  1.0200366e+001
  5.0542366e+001  1.1701018e+001
  2.9160882e+001  8.9608675e+001
  3.6165037e+001  3.4265925e+001
  8.3999802e+001  4.4066026e+001
  2.3635171e+001  1.6422190e+000
  5.8613105e+001  7.8432382e+001
  7.5617171e+001  6.5807767e+001
  6.2169274e+001  1.3868634e+000
  9.7215304e+001  4.3927053e+001
  2.1862160e+001  1.3538582e+001
  9.8693084e+001  1.7413798e+001
  3.8115455e+001  4.7812738e+001
  9.5595944e+001  8.9779048e+001
  5.2379664e+001  6.8651965e+001
  7.7351826e+001  9.1693840e+000
  2.4620559e+001  5.9908091e+001
  4.8029125e+001  3.2682498e+001
  9.1706960e+001  7.1515431e+001
  4.2599466e+001  5.2398628e+001
  9.3652922e+001  5.7431491e+001
  3.2056722e+001  5.4105787e+001
  5.2910416e-001  3.1444763e+001
  9.1925117e+001  9.9531609e+001
  3.4001352e+001  1.1924782e+001
  9.9406449e+001  1.0700198e+001
  2.2540881e+001  7.7755010e+001
  2.9840139e+001  3.1241785e+001
  8.2846816e+001  9.5885133e+001
  9.6925948e+001  2.3975686e+001
  4.7993099e+001  5.6870781e+001
  8.8450665e+001  1.6841388e-002
  1.8307034e+001  8.3134929e+001
  8.6831073e+001  1.9002812e+001
  2.5095817e+001  1.9313706e+001
  4.6269415e+001  1.4857561e+001
  8.1541870e+001  5.2675164e+000
  6.9814030e+001  2.7482162e+001
  4.3554510e+001  9.9455536e+001
  5.1732767e+000  3.0826128e+001
  3.3405836e+001  4.8904829e+001
  1.2831557e+001  2.0346409e+001
  4.5715902e+000  5.7706329e+001
  6.9743460e+001  7.8227028e+001
  7.7013710e+001  6.2123238e+001
  6.0947503e+001  9.0959154e+001
  3.9268030e+001  9.8972171e+001
  3.7318206e+001  8.3750494e+001
  7.8722721e+000  1.1639486e+001
  6.2480020e+001  4.7606065e+001
  2.6482362e+001  8.6232642e+001
  2.0712268e+001  5.0534445e+001
  4.4994934e+001  7.1033186e+001
  3.2528340e+001  9.5123982e+001
  9.7670865e+001  3.8865246e+001
  6.5532674e+001  1.7250683e+001
  5.0738530e+001  4.8312911e+001
  7.8785527e+001  5.7308839e+001
  1.1748755e+001  2.8753968e+001
  8.0283826e+001  9.6308300e+001
  1.6878366e+001  6.1686102e+001
  2.1057666e+001  7.0659141e+001
