  9.8624968e+001  8.0958176e+000  6.6666667e+001
  8.8530493e+001  3.0149055e+001  3.6003564e+001
  4.0484426e+001  1.8002420e+001  7.4649384e+001
  6.2714349e+001  7.1616581e+001  2.3366306e+001
  3.8545599e+001  7.9026490e+001  3.5109292e+001
  8.4786088e+001  3.3132762e+001  3.4700532e+001
  5.2684857e+001  7.8161564e+001  3.2283609e+001
  8.0740365e+001  7.7665923e+001  1.3217391e+001
  3.9349651e+001  1.0469363e+001  7.5351424e+001
  9.6173407e+001  3.2897958e+001  3.4783587e+001
  3.0120594e+000  2.6110583e+001  8.2400460e+001
  9.5372993e+001  3.8839934e+001  3.2678462e+001
  7.1438490e+001  8.9737365e+001  1.3217391e+001
  6.4654823e+001  7.6677757e+001  2.0359227e+001
  4.4665226e+001  2.4429067e+001  7.0707688e+001
  1.7462691e+001  4.5464755e+001  6.5354444e+001
  8.3524708e+001  2.7235753e+001  3.8110456e+001
  9.7009385e+001  4.2318135e+001  3.1303180e+001
  1.3497490e+001  6.9898096e+001  5.4060783e+001
  2.5098901e+001  8.1743215e+001  4.1429012e+001
  9.1000712e+001  8.2547435e+001  1.3217391e+001
  6.7646591e+001  4.0326491e+001  3.4788015e+001
  6.2316075e+001  6.5159881e+001  2.6314018e+001
  5.1221569e+001  1.5243131e+001  6.9573213e+001
  3.4827455e-001  3.3990600e+001  7.3672351e+001
  2.2688831e+001  1.9285359e+000  8.5002802e+001
  9.7845729e+001  7.6829232e+001  1.3217391e+001
  8.6125240e+001  4.5787814e+001  2.9971386e+001
  1.4385224e+000  4.3557565e+000  8.6281046e+001
  4.8577686e+001  9.9561823e+000  6.9872826e+001
  4.1640296e+001  9.5692431e+001  3.4478091e+001
  7.7290242e+001  6.0880355e+001  2.0411246e+001
  4.8814753e+001  2.4674587e+001  6.8282793e+001
  5.2256457e+001  9.2951943e+001  3.2390491e+001
  7.8204943e+001  4.2992799e+001  3.1088909e+001
  5.9122935e+001  4.8975212e+000  6.7066424e+001
  1.2639278e+001  9.0487865e+001  5.0000000e+001
  1.0971927e+001  9.7823434e+001  5.0000000e+001
  6.6290539e+001  6.5778140e+001  2.0786086e+001
  9.9709311e+001  7.2696148e+001  1.3217391e+001
  3.4618094e+001  4.8863004e+001  5.2667735e+001
  1.7605452e+001  6.8578261e+001  5.5832696e+001
  6.7888961e+000  3.6294115e+001  7.1148669e+001
  3.0939589e+001  4.0099639e+001  6.4883060e+001
  3.3475980e+001  5.1435271e+001  5.1171001e+001
  3.7616757e+001  4.5510027e+000  7.6408759e+001
  9.5220683e+001  9.9135858e+001  1.3217391e+001
  7.1932051e+001  3.0960909e+001  3.5595993e+001
  7.7934244e+001  2.5647150e+001  3.9999966e+001
  6.1765866e+001  6.1010333e+001  2.8247827e+001
  6.4923833e+001  4.4698279e+001  3.3035658e+001
  7.5628330e+001  4.1843903e+001  3.1446186e+001
  1.4783419e+001  4.1184190e+001  6.6605927e+001
  5.9945368e+001  7.1405661e+001  2.7232119e+001
  8.9860869e+001  1.0277800e+001  6.6431826e+001
  1.7193286e+001  3.8017219e+001  6.9367857e+001
  8.1892811e+001  7.5245051e+001  1.3217391e+001
  6.9293759e+000  1.4917046e+001  8.4266567e+001
  9.5568726e+001  6.6088241e+001  1.6804392e+001
  3.1733784e+001  2.3694311e+001  7.8797126e+001
  5.2011735e-001  7.2761277e+001  5.0000000e+001
  7.5993551e+001  2.5853220e+001  3.9709930e+001
  3.0867982e+001  4.6951064e+001  5.5121131e+001
  7.1525568e+001  8.5751450e+001  1.3217391e+001
  8.0947518e+000  8.3341289e+001  5.0000000e+001
  8.4587792e+001  4.7597704e+001  2.9088470e+001
  7.1837620e+001  3.4013455e+001  3.4381651e+001
  8.7039300e+001  5.4221415e+001  2.5073198e+001
  8.7215969e+001  5.6150269e+001  2.3759515e+001
  7.6156322e+001  9.2521772e+001  1.3217391e+001
  6.6945646e+001  2.7439270e+001  4.6289957e+001
  9.0202827e+001  2.9564165e+001  3.6344720e+001
  8.2146232e+001  6.1254575e+001  2.0144277e+001
  8.3265727e+001  8.9063893e+001  1.3217391e+001
  6.3991793e+001  7.1444887e+001  2.1590730e+001
  1.5620432e+001  2.0150032e+001  8.5630659e+001
  7.8316794e+001  1.0816899e+001  6.5998336e+001
  7.3140540e+001  7.3803202e+001  1.3217391e+001
  5.6473196e+001  7.6202287e+001  3.0712403e+001
  7.2334926e+001  2.7897671e+001  3.7518075e+001
  2.3973810e+001  8.4521832e+001  4.2682707e+001
  4.8985853e+001  6.2438642e+001  4.0758880e+001
  4.2360268e+001  6.2167069e+001  4.4442703e+001
  7.9567755e+001  9.5489348e+001  1.3217391e+001
  7.6340998e+001  2.9541316e+001  3.6358269e+001
  2.3888881e+001  6.3182029e+001  5.3572321e+001
  6.3510933e+001  5.3129431e+001  2.9802788e+001
  2.3154521e+001  8.7116579e+001  4.3763440e+001
  6.1593818e+001  5.8445636e+001  2.9120045e+001
  2.6850455e+001  6.0263193e+001  5.2044559e+001
  9.9121315e+001  4.8815102e+001  2.8428880e+001
  7.6031887e+001  9.4264933e+001  1.3217391e+001
  4.8216737e+001  3.4652633e+001  6.5104868e+001
  9.4520034e+001  1.9969035e+001  5.7719466e+001
  3.6073827e+001  9.8099853e+000  7.7366793e+001
  8.4391036e+000  6.5211543e+001  5.8922855e+001
  9.4851353e+001  6.0596724e+001  2.0613409e+001
  6.9082749e+001  8.1107726e+001  1.4261112e+001
  6.1550859e+001  4.6175647e+001  3.3910117e+001
  8.9497806e+001  9.3719857e+000  6.6666667e+001
  1.2538211e+000  1.0269518e+001  8.6195745e+001
  3.0091204e+001  8.7454423e+001  3.7883711e+001
  9.6508076e+001  6.0755967e+000  6.6666667e+001
  1.0209053e+001  8.4723774e+001  5.0000000e+001
  5.9602173e+001  4.5410844e+001  3.5623252e+001
  4.6897768e+001  2.4818102e+001  6.9250697e+001
  7.1732564e+001  9.8858086e+001  1.3217391e+001
  8.5887093e+001  5.6431794e+001  2.3567365e+001
  1.8559841e+001  2.2053122e+001  8.6236776e+001
  4.6237497e+001  8.7750830e+001  3.3626653e+001
  9.0329976e+001  7.2756365e+001  1.3217391e+001
  2.2104509e+000  8.5308434e+001  5.0000000e+001
  7.6040615e+001  1.7767828e+001  6.1169915e+001
  7.9585200e+001  5.4030234e+001  2.5202127e+001
  3.1385091e+001  4.7218425e+001  5.4763739e+001
  2.3582520e+001  7.3239451e+001  4.3190054e+001
  4.9445178e+001  9.8059721e+001  3.3008898e+001
  6.8525446e+001  6.6682263e+001  1.7922476e+001
  9.4463369e+001  6.8313536e+001  1.5355590e+001
  4.3931192e+001  8.7539353e+001  3.4051855e+001
  4.9743435e+001  5.0769317e+001  4.4135674e+001
  9.8617923e+000  4.6789294e+001  6.5020767e+001
  5.5443751e+001  2.4484492e+001  6.3462641e+001
  4.3569432e+001  5.6602878e+001  4.5741163e+001
  1.8126457e+001  7.6072429e+001  5.0000000e+001
  1.5381181e+001  3.4516898e+001  7.3086817e+001
  9.3372938e+001  4.4754709e+001  3.0425528e+001
  1.3626561e+001  5.1578857e+001  6.3930124e+001
  9.9854500e+001  1.5734388e+001  6.2900784e+001
  6.9062063e+001  9.8087832e+001  1.4287030e+001
  9.6104246e+001  2.9875383e+001  3.6161128e+001
  7.7550151e+001  1.5460227e+001  6.3089258e+001
  7.2413387e-002  9.3573824e+001  5.0000000e+001
  3.2547141e+001  6.7386155e+001  4.3343802e+001
  5.4410363e+001  4.2791004e+001  4.6712007e+001
  3.0650632e+001  8.3280876e+001  3.7620567e+001
  6.7270389e+001  1.7132318e+001  6.1793404e+001
  3.4571332e+001  4.4064209e+001  5.7862592e+001
  9.8059942e+001  7.5244155e+001  1.3217391e+001
  3.5396831e+001  6.1549585e+001  4.6629732e+001
  1.9515479e+000  2.5416907e+001  8.3110164e+001
  8.1275205e+001  3.5040783e+001  3.4035811e+001
  9.8281444e+001  6.1301262e+001  2.0110952e+001
  3.1183581e+001  3.3772449e+001  7.0619614e+001
  3.7890843e+001  6.3599207e+001  4.4600382e+001
  7.4802945e+001  5.1660442e+001  2.6738310e+001
  4.4283008e+001  5.1953556e+001  4.7322671e+001
  9.9891501e+000  6.2644921e+001  6.0440321e+001
  9.9262245e+001  9.4918872e+001  1.3217391e+001
  5.3626196e+001  2.2348371e+001  6.7093371e+001
  1.3454797e+001  9.9464291e+001  5.0000000e+001
  1.3130000e+001  8.7740525e+001  5.0000000e+001
  8.6399368e+001  6.2594636e+001  1.9210146e+001
  7.0827249e+001  2.1187830e+001  5.4055148e+001
  9.9824070e+001  9.1554109e+001  1.3217391e+001
  8.1575692e+001  1.3425123e+001  6.4314764e+001
  7.8223987e+001  9.6806506e+001  1.3217391e+001
  7.6361575e+001  6.1990608e+001  1.9627590e+001
  9.0497524e+001  6.4077082e+001  1.8160599e+001
  1.0312187e+001  1.3569430e+000  8.6281046e+001
  2.1171038e+001  7.8953296e+001  4.7179209e+001
  8.5108862e+001  8.9955540e+001  1.3217391e+001
  7.4296516e+001  2.1781955e-001  6.6666667e+001
  4.0507100e+001  5.1633626e+001  4.9140536e+001
  3.0504181e+001  6.2442711e+001  4.8330662e+001
  4.7419497e+001  2.6518925e+001  6.8204744e+001
  1.4473767e+001  3.9898169e+001  6.7597230e+001
  4.9434015e+001  9.7762831e+001  3.3011204e+001
  5.3012424e+001  3.0370742e+001  6.4170345e+001
  5.1024243e+001  5.6675512e+001  4.0321131e+001
  2.2746915e+001  2.1612231e+001  8.4972838e+001
  9.3499391e+001  1.3540508e+001  6.4245075e+001
  5.1769208e+001  9.7862011e+001  3.2509823e+001
  4.5926090e+001  2.1433100e+001  7.1382954e+001
  7.7673799e+001  1.3578735e+001  6.4221973e+001
  7.3380325e+001  5.2663059e+000  6.6666667e+001
  6.0238192e+001  2.6463873e+001  5.3639515e+001
  5.6929031e+000  7.5732111e+001  5.0000000e+001
  7.2003199e+000  4.3569250e+001  6.5862331e+001
  6.3568163e+001  5.0665814e+001  3.0948092e+001
  8.7633382e+001  4.9472363e+001  2.8057043e+001
  4.2747944e+001  9.4209092e+000  7.3274563e+001
  7.0840342e+001  9.7121009e+001  1.3217391e+001
  7.0190120e+000  4.2490008e+001  6.6188173e+001
  1.9065161e+000  2.7019042e+001  8.1455728e+001
  5.0830986e+001  9.3525024e+001  3.2718801e+001
  8.6940599e+001  2.2074913e+001  4.9632337e+001
  7.9854901e+001  1.8961936e+001  5.9618633e+001
  7.9923406e+001  2.8059547e+001  3.7382508e+001
  1.9611330e+001  6.7405958e+001  5.7109437e+001
  7.1437437e+001  5.9820533e+001  2.1173913e+001
  2.1500843e+001  3.8884688e+001  6.8063194e+001
  7.8650742e+001  9.3584301e+001  1.3217391e+001
  1.7214753e+001  8.2694146e+001  5.0000000e+001
  2.0614723e+001  5.1275411e+000  8.6002786e+001
  4.6447419e+001  8.2770210e+001  3.3588093e+001
  7.4526505e+000  3.8780701e+001  6.8621916e+001
  5.9658051e+001  4.4573473e+001  3.6001244e+001
  1.9099047e+001  9.1715410e-001  8.6281046e+001
  9.3481737e+001  2.8018584e+001  3.7415458e+001
  3.0751251e+001  2.9201735e+001  7.5460448e+001
  4.6189212e+001  4.2988790e+001  5.5266463e+001
  8.2975328e+001  7.0133643e+001  1.4243345e+001
  3.0013751e+001  1.0357548e+000  8.1002532e+001
  7.0961985e+001  2.3699666e+001  4.3795816e+001
  7.4601075e+000  4.0147587e+001  6.7380872e+001
  7.5021581e+001  8.7691429e+000  6.6666667e+001
  4.6890540e+001  8.8354594e+001  3.3506760e+001
  9.4491396e+001  4.3651238e+001  3.0862457e+001
  1.3973898e+000  3.0879015e+001  7.7192803e+001
  5.4198845e+000  8.2425685e+001  5.0000000e+001
  7.3844887e+001  6.8749353e+001  1.5093308e+001
  6.3556508e+001  5.3041397e+001  2.9831205e+001
  9.3097220e+001  1.7758868e+001  6.1179626e+001
  4.6096061e+001  8.9701358e+001  3.3652645e+001
  5.1288994e+001  8.0996848e+001  3.2620413e+001
  4.2448111e+001  3.8912886e+001  6.3518488e+001
  4.1591694e+001  4.7899794e+001  5.1332909e+001
  3.8823428e+001  6.0740050e+001  4.6010580e+001
  8.5553721e+001  6.5190448e+001  1.7404204e+001
  8.2301891e+001  7.6252364e+001  1.3217391e+001
  9.1391035e+001  4.4770920e+001  3.0418559e+001
  8.3604194e+001  6.4298250e+001  1.8009293e+001
  8.6808759e+001  2.8058327e+001  3.7383487e+001
  7.7558726e+001  4.4328647e+001  3.0601063e+001
  4.3192792e+001  2.4820401e+001  7.1354067e+001
  4.3609799e+001  1.5161882e+001  7.3418670e+001
  2.2430473e+001  2.0652687e+001  8.4936580e+001
  1.3184340e+000  9.1416014e+001  5.0000000e+001
  3.7596625e+001  5.8260759e+001  4.7434774e+001
  8.3856231e+001  6.9330371e+001  1.4728938e+001
  2.8624334e+001  8.5649102e+001  3.8681018e+001
  2.8412913e+001  4.8647533e+001  5.4096300e+001
  3.2708034e+001  3.4273237e+001  6.9784599e+001
  4.7620926e+001  4.1864523e+001  5.6613546e+001
  2.2598335e+001  1.1871215e+001  8.4652672e+001
  9.6200620e+001  5.1856566e+001  2.6613780e+001
  3.0645823e+001  9.7158379e+001  3.7622892e+001
  7.7892559e+001  3.2907284e+001  3.4780273e+001
  8.9534244e+001  3.3916966e+001  3.4415800e+001
  2.5372332e+001  8.0187563e+001  4.1163439e+001
  1.4575334e+001  1.5969981e+001  8.3733344e+001
  3.4149627e+001  1.5924331e+001  7.7575874e+001
  7.3313468e+001  1.6366448e+001  6.2444008e+001
  3.3863913e+000  9.1434935e+001  5.0000000e+001
  5.4423876e+001  7.7501836e+001  3.1826563e+001
  5.5844540e+001  4.2988651e+001  4.3920260e+001
  6.6968372e+001  2.5915648e+001  4.8246311e+001
  5.8392692e+001  6.2238733e+001  3.1569055e+001
  6.8590909e+001  9.8524934e+001  1.4884237e+001
  7.6598387e+001  6.3692904e+001  1.8430715e+001
  8.9766212e+001  2.3306373e+001  4.4896000e+001
  9.6678967e+001  7.8449820e+001  1.3217391e+001
  9.0579353e+001  3.4049468e-001  6.6666667e+001
  1.7857939e+001  7.9740961e+001  5.0000000e+001
  9.7848803e+001  2.0765450e+001  5.5550599e+001
  8.9798574e+001  1.9953015e+001  5.7754531e+001
  2.9361403e+000  9.7757940e+001  5.0000000e+001
  2.8202236e+001  6.2307155e+001  4.9889912e+001
  1.8790115e+001  5.5215808e+000  8.6281046e+001
  6.0875351e+001  1.4229838e+001  6.3851566e+001
  2.0935438e+001  4.0784201e+001  6.6571450e+001
  9.9773466e+001  7.7815124e+001  1.3217391e+001
  1.6761821e+000  1.6276737e+001  8.3861768e+001
  4.3962816e+001  2.6205698e+000  7.2539643e+001
  1.4839519e+001  8.5135273e+001  5.0000000e+001
  6.2144594e+001  2.5292705e+001  5.4451993e+001
  7.5436878e+001  3.9515567e+001  3.2388239e+001
  2.8059695e+001  6.8728797e+001  4.4386636e+001
  5.2717968e+001  8.7098945e+001  3.2275315e+001
  3.1244058e+001  6.8098333e+001  4.3194824e+001
  1.8174087e+001  1.3919973e+001  8.4742684e+001
  7.7925294e+001  5.7698934e+001  2.2669382e+001
  8.0950906e+001  6.8441309e+001  1.5275609e+001
  7.2331295e+001  3.1619732e+001  3.5304024e+001
  4.5309490e+000  5.1183486e+001  6.4018300e+001
  6.1329975e+001  4.4610127e+001  3.4749230e+001
  3.3521489e+001  5.2018114e+001  5.0836929e+001
  5.8386259e+001  3.6603186e+001  4.8440577e+001
  9.1317781e+001  6.5230813e+001  1.7377479e+001
  5.0127250e+001  8.7155947e+001  3.2867291e+001
  4.1750954e+001  8.6797245e+001  3.4455961e+001
  7.9945750e+001  5.2980454e+001  2.5897041e+001
  8.9060916e+001  9.5931482e+001  1.3217391e+001
  5.1335333e+001  5.9101580e+001  3.9326417e+001
  3.8972646e+001  2.3313041e+000  7.5583157e+001
  9.3063870e+001  1.8223081e+001  6.0638352e+001
  2.8273215e+001  4.6746731e+001  5.5758810e+001
  7.6993714e+001  6.1341802e+001  2.0082011e+001
  7.2758321e+001  1.3965467e+001  6.4005147e+001
  9.1460800e+001  2.1177189e+001  5.4095849e+001
  1.0612041e+001  9.9007104e+001  5.0000000e+001
  8.8893761e+001  3.3004089e+001  3.4745946e+001
  5.9504045e+001  4.2583631e+001  3.7077668e+001
  1.2079956e+000  1.4625649e+001  8.4408855e+001
  2.3831438e+001  5.4573369e+001  5.7217658e+001
  1.2362385e+001  9.1977961e+000  8.6281046e+001
  8.8078431e+001  4.3495598e+001  3.0915796e+001
  8.1323228e+001  8.3677688e+000  6.6666667e+001
  7.6333830e+001  5.5491236e+001  2.4209136e+001
  8.1038707e+001  1.7825063e+000  6.6666667e+001
  6.8225387e+001  6.4410440e+001  1.9657516e+001
  6.2480207e+001  3.9226342e+001  3.9641954e+001
  3.6807854e+001  3.2663965e+001  7.0642302e+001
  2.0278021e+001  2.6481880e+001  8.1906795e+001
  2.7505121e+001  5.1027829e+001  5.4371370e+001
  4.8154387e+001  4.5550970e+001  5.0028197e+001
  4.0019124e+001  8.1037407e+001  3.4794411e+001
  7.0229583e+001  4.6732190e+001  2.9526218e+001
  3.2136095e+001  5.1850607e+001  5.1224278e+001
  4.8453166e+000  2.0308475e+001  8.5692193e+001
  7.7748618e+001  5.8064581e+001  2.2410842e+001
  5.5340287e+001  5.9769926e+001  3.4379047e+001
  6.7749350e+000  6.5656761e+001  5.8598364e+001
  4.9617650e+001  5.8148225e+001  4.1220830e+001
  8.3610518e+001  7.6384699e+001  1.3217391e+001
  4.6093410e+001  1.6355940e+001  7.2515789e+001
  7.8002540e+001  8.3975067e+001  1.3217391e+001
  4.9174387e+001  9.9631918e+001  3.3064791e+001
  6.9571396e+001  6.6013567e+001  1.7303953e+001
  9.8506190e+001  1.2325360e+001  6.4966326e+001
  3.5317226e+001  5.8713638e+001  4.7977914e+001
  6.2199167e+001  1.4623718e+001  6.3548963e+001
  5.1589375e+001  9.4972252e+001  3.2553113e+001
  8.1503227e+001  7.4198093e+001  1.3217391e+001
  4.8906399e+001  8.7260764e+001  3.3119898e+001
  7.3145957e+001  1.6459284e+001  6.2372166e+001
  7.1057449e+001  4.7378490e+001  2.9204509e+001
  8.3441163e+001  3.4663270e+001  3.4159378e+001
  1.0924177e+000  2.9811496e+001  7.8389121e+001
  4.8377033e+000  4.0178594e+000  8.6281046e+001
  5.0126734e+001  3.8160090e+001  6.1263576e+001
  2.9168932e+001  1.3193359e+001  8.1469839e+001
  1.3792660e+000  1.4298529e+001  8.4565284e+001
  7.9417785e+001  3.8195386e+001  3.2928530e+001
  6.7282673e+000  6.3681226e+001  5.9897619e+001
  3.1017785e+001  7.8034511e+001  3.7445756e+001
  3.4000542e+001  4.2786782e+001  5.9989109e+001
  8.1677791e+001  1.7124741e+001  6.1800416e+001
  4.3728393e-001  3.6668553e+001  7.0749195e+001
  4.9381602e+001  9.7781594e+001  3.3022030e+001
  6.1344804e+001  4.5930327e+001  3.4138669e+001
  3.7408120e+001  8.7413582e+001  3.5380000e+001
  1.9830820e+001  1.5208803e+001  8.4120748e+001
  8.9506764e+001  4.4245340e+001  3.0633915e+001
  9.8684858e+001  9.2079380e+001  1.3217391e+001
  9.2178009e+001  9.8038932e+001  1.3217391e+001
  3.9441734e+001  4.6354373e+001  5.3637789e+001
  6.6228748e+001  3.4449057e+001  4.3010949e+001
  5.4010991e+001  2.0944724e+001  6.7153184e+001
  2.1107948e+001  3.1621980e+001  7.5941397e+001
  3.0532991e+001  8.9784039e+001  3.7677649e+001
  1.3402389e+000  7.0640323e+000  8.6281046e+001
  4.5619414e-001  2.4792378e+001  8.3737263e+001
  9.8778691e+001  1.9858395e+000  6.6666667e+001
  8.1179694e+001  9.9685906e+001  1.3217391e+001
  7.7040569e+001  1.0013079e+001  6.6655501e+001
  9.0328525e+001  9.1886116e+001  1.3217391e+001
  1.2377412e+001  1.3400694e+001  8.4979361e+001
  9.6079544e+000  2.0504757e+001  8.5766927e+001
  5.5146756e+001  1.6415316e+001  6.7522977e+001
  6.5175886e-001  7.7705228e+001  5.0000000e+001
  1.2569330e+001  5.6014093e+001  6.2845010e+001
  5.5779931e+000  6.6511114e+001  5.7922609e+001
  7.6267370e+001  8.7356454e+001  1.3217391e+001
  7.1401559e+000  6.0982861e+001  6.1205111e+001
  7.1823335e+001  9.3883872e+001  1.3217391e+001
  1.4040800e+001  2.8557228e+001  7.9790428e+001
  6.1569836e+001  7.6489564e+001  2.4831163e+001
  4.7150919e+001  1.4932634e+001  7.1563220e+001
  5.1035257e+001  6.1937470e+001  3.8984930e+001
  3.4504308e+001  6.2320361e+001  4.6522017e+001
  8.4757964e+000  8.0835100e+001  5.0000000e+001
  2.5580135e+001  3.1785654e+001  7.4267531e+001
  5.2557190e+001  3.4857918e+001  6.2254602e+001
  1.4053476e+001  2.5357168e+001  8.3171783e+001
  1.2047092e+001  9.2149682e+001  5.0000000e+001
  5.0273888e+001  7.0348548e+001  3.5454646e+001
  2.8591321e+001  7.0622605e+001  4.1244570e+001
  1.1196720e+001  1.5061682e+001  8.4195246e+001
  5.0004626e+001  7.0373365e+001  3.5468752e+001
  3.7790098e+001  7.3794002e+000  7.6304011e+001
  2.7055881e+001  5.2523129e+000  8.2683687e+001
  9.5669103e+001  5.2362761e+001  2.6292982e+001
  4.5806794e+001  6.4954732e+001  4.1955553e+001
  2.4502059e+001  2.3338466e+001  8.3032508e+001
  8.3045707e+001  1.4013584e+001  6.3977837e+001
  3.0317372e+001  2.3758601e+001  7.9557015e+001
  3.3219416e+000  8.7417135e+001  5.0000000e+001
  9.8755932e+001  8.6073471e+001  1.3217391e+001
  4.7977625e+001  6.5160844e+001  4.1049618e+001
  6.0353580e+001  8.7414016e+001  2.6482171e+001
  5.1624880e+001  9.6368380e+001  3.2544576e+001
  9.7726097e+001  9.4655894e+001  1.3217391e+001
  2.4719831e+001  8.8632715e+001  4.1828435e+001
  6.6819458e+001  5.3767775e+001  2.7703498e+001
  1.4673162e+001  8.1316878e+001  5.0000000e+001
  4.0512233e+001  2.4250184e+001  7.3240932e+001
  1.4205287e+001  3.6394946e+001  7.1040614e+001
  3.4424602e+001  6.7753517e+001  4.2185524e+001
  5.4993207e+001  1.9708339e+001  6.6875967e+001
  4.2431706e+000  1.9451263e+001  8.5347880e+001
  2.3195987e+001  5.5038127e+001  5.7900082e+001
  3.9879069e+001  1.8382004e+000  7.5024084e+001
  1.2069100e+001  1.6101405e+001  8.3771314e+001
  4.4263007e+001  5.3516966e+001  4.6567493e+001
  5.1452315e+000  4.2810781e+001  6.6089494e+001
  9.9664662e+001  4.0708998e+001  3.1815510e+001
  6.9437634e+001  8.3226625e+001  1.3840864e+001
  6.1502167e+001  1.9270041e+001  6.3258196e+001
  6.1715460e+001  6.7993589e+001  2.6144561e+001
  8.2973918e+001  9.1832122e+001  1.3217391e+001
  9.7928557e+001  4.6193772e+000  6.6666667e+001
  4.3743475e+001  8.8085503e+001  3.4085181e+001
  8.4621033e+001  4.2238180e+001  3.1327553e+001
  3.9708364e+001  4.5568491e+001  5.4441893e+001
  4.2037180e+001  6.1738944e+001  4.4754001e+001
  8.9198811e+001  7.4270804e+001  1.3217391e+001
  3.4566170e+001  9.9598831e+001  3.6142513e+001
  8.0841295e+001  9.2794112e+001  1.3217391e+001
  9.9427627e+001  1.9108669e+000  6.6666667e+001
  7.8106375e+001  3.8122815e+001  3.2956215e+001
  8.5180875e+001  6.5699488e+001  1.7066743e+001
  6.6061103e+001  2.8218766e+000  6.7036725e+001
  2.7211275e+001  6.1152634e+001  5.1302559e+001
  2.4084323e+001  5.2393885e+001  5.7455667e+001
  4.2592360e+001  6.2293022e+001  4.4323693e+001
  5.9755813e+001  1.3944612e+001  6.4103026e+001
  4.2004120e+001  4.5124769e+001  5.4123545e+001
  7.6752416e+001  4.0916684e+001  3.1709467e+001
  2.5691713e+000  9.0893484e+001  5.0000000e+001
  6.9279303e+001  4.0113275e+001  3.4532275e+001
  7.5343823e+001  1.9073426e+001  5.9441230e+001
  9.5355792e+001  8.1660976e+001  1.3217391e+001
  3.8732208e+001  4.2254981e+001  5.9776975e+001
  5.6156336e+000  3.8578783e+001  6.8815188e+001
  3.7534020e+001  7.1608785e+001  3.6016495e+001
  6.5751318e+001  6.0526473e+001  2.4139825e+001
  7.0176651e+001  8.1816126e+000  6.6666667e+001
  9.0736825e+000  1.3040599e+001  8.5138111e+001
  9.4798709e+001  3.6786967e+001  3.3443254e+001
  5.3484885e+001  5.6006368e+001  3.7671437e+001
  9.1024038e+001  7.4018924e+001  1.3217391e+001
  3.0931087e+001  9.8245233e+001  3.7486220e+001
  7.2489501e+001  4.8577769e+001  2.8559428e+001
  3.8345893e+001  3.9021667e-002  7.5966393e+001
  8.9887306e+001  7.8165822e+001  1.3217391e+001
  6.8438059e+000  3.4716888e+001  7.2863171e+001
  2.6499967e+001  2.9588615e+001  7.6332763e+001
  6.2456122e+001  8.3152990e+001  2.3582699e+001
  6.8027914e+001  9.7953056e+000  6.6773155e+001
  7.3690084e+001  3.7384107e+001  3.3235889e+001
  9.3298055e+001  6.4026506e+001  1.8195221e+001
  6.1467113e+001  3.4075899e+000  6.7540126e+001
  7.3830511e+001  3.1938383e+001  3.5163730e+001
  6.3652589e+001  9.6165522e+001  2.1835149e+001
  1.7013322e+001  6.6639715e+001  5.7815382e+001
  2.7233558e+001  8.6492959e+000  8.2586321e+001
  8.1244780e+001  2.5556281e+001  4.0132026e+001
  4.0326097e+001  1.4274108e+001  7.4747705e+001
  6.6008268e+001  2.7729076e+001  4.7480852e+001
  2.8605899e+001  7.7644474e+001  3.8692217e+001
  9.6138341e+001  7.0798142e+001  1.3863373e+001
  5.7655599e+001  6.0292325e+001  3.2560817e+001
  9.6662883e+001  3.9418991e+000  6.6666667e+001
  5.1392094e+001  8.4568161e+001  3.2598036e+001
  8.6422332e+001  2.2974129e+001  4.5951414e+001
  2.2532751e+001  4.9506316e+001  6.0115545e+001
  2.4345503e+001  3.0064378e+000  8.4155351e+001
  8.9882643e+001  6.4794632e+001  1.7669045e+001
  7.0919758e+001  4.0044319e+001  3.2142288e+001
  9.7514342e+001  7.6751488e+001  1.3217391e+001
  4.5956426e+001  3.8386331e+001  6.3002708e+001
  7.4177456e+001  8.9140954e+001  1.3217391e+001
  6.6896725e+001  4.0779241e+001  3.3947793e+001
  2.9612447e+000  3.7683039e+001  6.9701169e+001
  3.5035610e+001  8.8449592e+000  7.8001012e+001
  8.2066127e+000  9.8257696e+001  5.0000000e+001
  6.0837477e+000  9.2169569e+001  5.0000000e+001
  7.6009494e+001  4.6190458e+001  2.9786695e+001
  6.2783089e+001  5.6146691e+001  2.8576008e+001
  5.3046696e+001  4.9338898e+001  4.1299229e+001
  9.8926189e+001  9.9397711e+001  1.3217391e+001
  3.0296209e+001  2.5675854e+000  8.0834765e+001
  1.8070125e+001  2.5951604e+001  8.2561252e+001
  5.6925009e+001  3.2716275e+001  5.5170766e+001
  4.6657208e+001  1.2287630e+001  7.0958778e+001
  3.9222913e+001  7.4593189e+001  3.4959501e+001
  2.7406837e+000  6.2936091e+001  6.0292155e+001
  3.4147953e+001  1.9659477e+001  7.8533544e+001
  9.7634910e+001  4.6376865e+001  2.9699477e+001
  5.7693500e+001  2.6595393e+001  5.5916572e+001
  7.7064013e+001  3.6218985e-001  6.6666667e+001
  6.2641146e+001  1.1575720e+001  6.5992872e+001
  7.3304996e+001  5.5891573e+001  2.3935990e+001
  1.4934135e+001  8.9226883e+001  5.0000000e+001
  4.1464110e+001  9.0120648e+001  3.4513416e+001
  6.8984738e+000  6.9988286e+001  5.3921079e+001
  8.8419406e+001  2.3377680e+001  4.4685852e+001
  8.3199429e+001  5.2950152e+001  2.5916524e+001
  3.1521051e+001  8.0476489e+001  3.7227901e+001
  8.9805443e+001  6.9981593e+001  1.4335499e+001
  7.5309801e+001  4.1074790e-002  6.6666667e+001
  1.5254947e+001  2.8507813e+001  7.9844783e+001
  7.1541380e+001  1.7078846e+001  6.1842759e+001
  8.4163812e+001  2.0323450e+001  5.6848947e+001
  7.8345756e+001  9.4680455e+000  6.6666667e+001
  9.9782952e+001  3.8673083e+000  6.6666667e+001
  5.8611403e+001  3.9336183e+001  4.3381667e+001
  3.6078056e+001  2.3343678e+001  7.6459574e+001
  3.7390897e+001  1.1261855e+001  7.6547650e+001
  9.8722001e+001  4.3347651e+001  3.0966607e+001
  8.8720783e+001  2.8210619e+001  3.7262278e+001
  1.8563136e+001  8.5469460e+001  5.0000000e+001
  2.4413152e+001  3.4810538e+000  8.4120985e+001
  2.4686938e+001  9.8238771e+001  4.1864464e+001
  1.7381507e+001  9.5518113e+001  5.0000000e+001
  3.3430517e+001  9.8439235e+001  3.6508696e+001
  4.0622485e+001  8.1880469e+001  3.4678631e+001
  6.2377651e+001  4.3289478e+000  6.7749372e+001
  8.9800717e+001  2.9207776e+001  3.6559379e+001
  6.7916508e+001  7.2229717e+001  1.5742129e+001
  1.3154292e+001  1.0440512e+001  8.6140371e+001
  4.7288974e+001  9.3539717e+001  3.3434206e+001
  9.6744818e+001  4.5876096e+001  2.9930821e+001
  4.9876287e+001  9.8713963e+001  3.2919685e+001
  3.9708199e+001  4.1396678e+001  6.1242205e+001
  9.8822338e+001  8.1014546e+001  1.3217391e+001
  7.6832843e+001  4.9806640e+000  6.6666667e+001
  9.8314470e+001  6.1615083e+001  1.9890449e+001
  2.3927046e+001  4.0299571e+001  6.6172394e+001
  4.6654616e+001  6.0171862e+001  4.2975353e+001
  3.5349204e+000  2.3143629e+001  8.5296280e+001
  7.3714548e+001  8.2995427e+001  1.3217391e+001
  8.4969717e+001  6.9324872e+000  6.6666667e+001
  5.1669848e+001  2.3250988e+001  6.7537720e+001
  1.4358991e+001  4.8689113e+001  6.4582164e+001
  7.7698283e+001  9.4959767e+001  1.3217391e+001
  4.4745448e+001  6.7938343e+000  7.2070988e+001
  1.6546247e+001  4.4411834e+001  6.5625422e+001
  2.5657500e+001  2.0850833e+001  8.3462335e+001
  7.2933615e+001  8.0784275e+001  1.3217391e+001
  6.1305496e+000  5.0448830e+001  6.4177082e+001
  1.1327981e+001  7.6843354e+001  5.0000000e+001
  8.1464132e+001  2.2238831e+001  4.8860814e+001
  4.6151607e+001  7.9974330e+001  3.3642436e+001
  9.0879161e+001  3.8283396e+000  6.6666667e+001
  8.9631510e+001  7.3192092e+001  1.3217391e+001
  2.0697771e+001  9.5497938e+001  4.8235614e+001
  8.7409329e+001  3.3302376e+001  3.4641039e+001
  2.3729151e+001  3.2746634e+001  7.3800585e+001
  6.8430386e+001  5.5920834e+001  2.5192898e+001
  9.6012094e+001  7.2859552e+001  1.3217391e+001
  4.2657766e+001  3.0466534e+001  6.9398595e+001
  1.7417209e+001  8.1776750e+001  5.0000000e+001
  3.9737210e+001  8.1140330e+001  3.4852331e+001
  6.7093344e+001  4.8641029e+001  3.0463459e+001
  4.8506249e+001  4.3211746e+001  5.3238568e+001
  3.8259188e+001  1.4046160e+001  7.6019239e+001
  5.6352018e+001  5.7542443e+001  3.4185978e+001
  4.8988722e+001  2.0306309e+001  6.9646505e+001
  1.5511660e+001  4.1762851e+001  6.6417196e+001
  6.5114941e+001  2.0396754e+001  6.0801396e+001
  7.2699501e+001  6.8557846e+001  1.5206330e+001
  3.6745340e-001  8.3105460e+001  5.0000000e+001
  9.0914291e+001  2.8437419e+001  3.7085509e+001
  6.6186083e+001  3.7204320e+001  4.1207647e+001
  4.9639518e+000  5.5677652e+001  6.2938529e+001
  4.5222480e+001  3.3791779e+001  6.7214167e+001
  1.6409421e+001  9.0304035e+001  5.0000000e+001
  4.7067714e+001  2.3445918e+001  6.9883504e+001
  8.2346902e+001  4.0382022e+001  3.1979388e+001
  8.4998750e+001  3.2610254e+001  3.4892178e+001
  9.6422616e+001  3.9517754e+001  3.2387237e+001
  8.1268666e+001  2.8036570e+001  3.7400971e+001
  2.6439038e+001  6.4222599e+001  5.0108126e+001
  2.0635138e+001  2.9106721e+001  7.8933918e+001
  9.3221505e+001  9.6593832e+001  1.3217391e+001
  3.9333877e+001  4.0557866e+001  6.2662255e+001
  6.2371796e+000  2.0977862e+001  8.5940451e+001
  4.3803307e+000  2.4010334e+000  8.6281046e+001
  6.1397529e-001  7.6460859e+001  5.0000000e+001
  8.1711150e+001  4.4122516e+001  3.0682408e+001
  9.1518077e+001  9.4861849e+000  6.6666667e+001
  7.4164013e+001  3.3752594e-001  6.6666667e+001
  2.0382744e+001  2.1350551e+001  8.5936423e+001
  2.3421643e+001  7.8774954e+001  4.3403479e+001
  8.9849342e+001  8.1923911e+001  1.3217391e+001
  7.8775429e+001  1.4835940e+001  6.3478596e+001
  1.8297702e+001  6.3627379e+001  5.9926856e+001
  5.0573581e+001  5.8334520e+001  4.0289294e+001
  6.0984609e+000  2.0607071e+001  8.5805269e+001
  1.3528241e+001  7.0551225e+001  5.2982509e+001
  2.2241966e+000  9.9745680e+001  5.0000000e+001
  8.6982487e+001  8.2383636e+001  1.3217391e+001
  6.1412199e+001  7.6838327e+001  2.5052661e+001
  3.3914187e+001  3.8938257e+001  6.5358361e+001
  6.8566166e+001  4.2247062e-001  6.6723448e+001
  2.1738062e+001  4.2944622e+001  6.2743042e+001
  2.3143100e+001  3.2761950e+001  7.3974218e+001
  4.4221623e+001  7.8529469e+001  3.4001795e+001
  3.3387234e+001  4.3527211e+001  5.8919989e+001
  2.6650686e+001  7.1043210e+001  4.1956615e+001
  7.5499094e+001  9.5075610e+001  1.3217391e+001
  4.1629524e+001  7.0725832e+001  3.6497609e+001
  9.5046725e+001  1.3809146e+001  6.4092607e+001
  8.3657921e+001  3.2397713e+001  3.4974035e+001
  8.9587613e+001  7.8888062e+001  1.3217391e+001
  2.5528231e+001  2.8772658e+001  7.7526281e+001
  5.2110928e+001  7.9780948e+001  3.2426620e+001
  3.3675540e+001  2.1478359e+001  7.8821823e+001
  6.5618893e+001  3.8541413e+001  3.9341761e+001
  3.9484752e+001  9.3274705e+001  3.4904764e+001
  1.0067417e+001  9.8351317e+001  5.0000000e+001
  4.6191261e+001  7.5120918e+001  3.3635149e+001
  5.5635879e+001  6.1969070e+001  3.3740944e+001
  3.0232487e+001  5.5625678e+000  8.0872642e+001
  6.3076024e+001  3.3853151e+001  4.6198544e+001
  5.2429572e+001  2.3973930e+001  6.6818376e+001
  3.0888825e+001  5.3426460e+001  5.1538942e+001
  4.6309638e+001  6.7698783e+001  3.9384900e+001
  1.3258844e+001  2.1995590e+001  8.6279663e+001
  7.6104444e+001  6.6287821e+001  1.6668682e+001
  1.3492127e+001  1.1935628e+001  8.5596958e+001
  4.3113257e+001  8.5371675e+001  3.4197625e+001
  8.5927501e+001  1.6792090e+001  6.2101859e+001
  4.6698120e+001  6.1446084e+001  4.2660891e+001
  2.8622871e+001  6.3657581e+001  4.8754564e+001
  6.5266582e+000  7.6937149e+001  5.0000000e+001
  6.5701705e+001  5.4586613e+001  2.7895656e+001
  6.3026313e+001  4.0755743e+001  3.5739018e+001
  7.3153192e+001  2.1247898e+001  5.3810741e+001
  9.5490750e+001  6.2753579e+001  1.9099401e+001
  3.6932763e+001  8.3186013e+001  3.5489632e+001
  6.9402912e+000  7.6269038e+001  5.0000000e+001
  8.6752386e+001  7.6332717e+001  1.3217391e+001
  2.9466402e+001  7.0135502e+001  4.1479008e+001
  5.5337475e+001  8.1795376e+001  3.1484259e+001
  7.8215728e+001  1.8777775e+001  5.9900506e+001
  7.0176583e+000  1.9689628e+001  8.5446328e+001
  6.3335816e+001  2.1162186e+001  6.2203199e+001
  4.1112896e+000  7.6618673e+001  5.0000000e+001
  2.4230445e+000  9.1398180e+001  5.0000000e+001
  7.2174122e+001  2.3086491e+001  4.5570684e+001
  8.8578733e+001  3.4705555e+001  3.4145469e+001
  9.3718788e+001  6.9893394e+001  1.4388883e+001
  9.2471562e+001  1.6883686e+000  6.6666667e+001
  7.5631744e+001  5.5850366e+001  2.3964091e+001
  3.7741665e+001  6.0621266e+001  4.6367148e+001
  8.3418513e+001  4.5008501e+001  3.0316558e+001
  6.8664554e+001  3.0408652e+000  6.6717769e+001
  5.5520015e+001  9.8917023e+001  3.1377476e+001
  8.6161039e+000  4.1021685e+000  8.6281046e+001
  5.5476789e+001  4.7635199e+000  6.6677279e+001
  6.7940635e+001  1.1400346e+001  6.5594955e+001
  4.2750856e+001  3.0955364e+001  6.9242505e+001
  1.6290859e+001  7.0970334e+001  5.2226810e+001
  6.9348921e+001  1.2329376e+001  6.4963737e+001
  5.1917205e+001  5.1246464e+001  4.1575474e+001
  8.0054776e+001  9.6192180e+000  6.6666667e+001
  7.7844170e+001  6.9359286e+001  1.4711051e+001
  9.2803253e+001  2.7506485e+001  3.7859098e+001
  7.2621756e+001  4.6215002e+001  2.9775463e+001
  9.5381378e+000  6.4314761e+001  5.9518676e+001
  4.4929962e+001  3.7450312e+000  7.1963826e+001
  9.7660775e+001  8.9467490e+001  1.3217391e+001
  9.6894414e+001  9.6599445e+001  1.3217391e+001
  6.4527009e+001  1.9458409e+001  6.1326824e+001
  9.2747087e+000  1.5393732e+001  8.4029476e+001
  7.7203803e+001  2.1778901e+001  5.1285541e+001
  4.0397107e+001  5.5474668e+001  4.7487839e+001
  2.7970812e+001  8.8927958e+001  3.9089619e+001
  2.2644746e+001  3.1827579e+001  7.5175622e+001
  1.4480612e+001  4.5164783e+001  6.5430773e+001
  9.2794535e+000  4.5211263e+001  6.5418928e+001
  7.0272041e+001  5.8875553e+001  2.1839667e+001
  6.8121210e+001  7.1331420e+001  1.5833571e+001
  4.5763975e+001  7.1349200e+001  3.4776467e+001
  5.3234535e+001  2.5502725e+001  6.5823430e+001
  2.9834728e+001  1.1495145e+001  8.1108694e+001
  4.0299623e+001  1.0858578e+001  7.4764123e+001
  1.5246753e+001  1.1591556e+001  8.5730484e+001
  7.9020435e+001  3.5124328e+001  3.4009516e+001
  1.9856003e+001  7.2716410e+001  5.0000000e+001
  4.9447270e+001  3.8185246e+001  6.1710729e+001
  3.0326366e+001  7.0474842e+001  4.0467384e+001
  1.4794424e+001  3.5851384e+001  7.1620971e+001
  9.6401415e+001  1.4653179e+000  6.6666667e+001
  7.3690295e+001  1.6509515e+001  6.2331958e+001
  5.1874825e+001  8.6507665e+001  3.2484345e+001
  8.9828064e+001  5.5794811e+001  2.4001983e+001
  7.0700054e+001  3.4603789e+000  6.6666667e+001
  3.9481967e+001  1.6725576e+001  7.5269793e+001
  6.4219215e+001  1.7043994e+001  6.1874766e+001
  3.0433388e+001  9.6544244e+000  8.0753170e+001
  8.4839110e+000  7.5592724e+001  5.0000000e+001
  8.8541223e+001  2.4338331e+001  4.2290299e+001
  9.3974644e+000  7.6278898e+001  5.0000000e+001
  9.5121677e+001  5.3882788e+001  2.5301607e+001
  6.1818027e+001  9.4783274e+001  2.4482461e+001
  7.6057394e+001  9.9047623e+001  1.3217391e+001
  6.2072433e+001  4.5730663e+000  6.7680979e+001
  5.7923201e+001  9.8375800e+001  2.9376055e+001
  2.8085312e+001  3.1829892e+001  7.3474800e+001
  9.9764652e+000  4.5323777e+001  6.5390282e+001
  7.2156567e+001  7.1667308e+001  1.3393036e+001
  8.4143896e+001  9.3348535e+001  1.3217391e+001
  8.2125008e+001  5.5035479e+001  2.4519904e+001
  5.4356452e+001  1.1762437e+001  6.7086559e+001
  3.6440279e+001  5.2440968e+001  4.9959289e+001
  5.0093510e+001  5.6260122e+001  4.1364520e+001
  3.3039783e+001  1.8892133e+001  7.9212066e+001
  2.3054681e+001  3.1068352e+001  7.5876786e+001
  6.0492809e+001  9.6023114e+001  2.6299915e+001
  4.7341578e+000  9.3932531e+001  5.0000000e+001
  7.3654937e+001  2.1730239e+001  5.1551162e+001
  4.8773220e+001  8.0566813e+001  3.3147159e+001
  9.8577617e+001  2.6795160e+001  3.8555277e+001
  9.7847742e+001  8.0905320e+001  1.3217391e+001
  1.4230444e+001  4.1288280e+001  6.6571745e+001
  9.2895647e+001  6.2333614e+001  1.9388602e+001
  1.5826244e+000  5.4796115e+001  6.3167904e+001
  7.2773127e+001  5.1466874e+001  2.6858933e+001
  7.3375865e+001  2.1360098e+000  6.6666667e+001
  6.7948843e+000  4.2811105e+001  6.6089395e+001
  7.9748358e+001  2.0208449e+000  6.6666667e+001
  4.5330189e+001  2.4228785e+000  7.1730002e+001
  2.1071530e+001  4.7605480e+001  6.2821039e+001
  7.3525114e+001  5.2681642e+001  2.6089306e+001
  5.7739214e+001  9.5527914e+001  2.9560855e+001
  7.8945941e+001  7.7398314e+001  1.3217391e+001
  8.2745461e+000  1.6049717e+001  8.3743889e+001
  3.7577843e+001  6.2156545e+001  4.5589937e+001
  2.0095829e+001  7.4741748e+001  4.9743647e+001
  6.4573092e+001  1.5327152e+001  6.3176584e+001
  1.2387531e+001  5.8534669e+001  6.2105557e+001
  5.0752282e+001  9.2990739e+001  3.2735459e+001
  1.0556861e+001  4.6979923e+001  6.4973131e+001
  2.9104646e+000  7.8339202e+001  5.0000000e+001
  5.0676121e+000  6.2237464e+001  6.0641025e+001
  1.8272160e+001  4.4168068e+000  8.6281046e+001
  5.0966452e+001  7.8569867e+000  6.8593381e+001
  6.4761158e+001  4.7115510e+001  3.2134816e+001
  5.0958685e+001  4.2581754e+001  5.2150289e+001
  5.9918487e+001  9.9023182e+001  2.7046637e+001
  3.3641735e+001  5.4645173e+001  4.9899072e+001
  7.2349857e+001  9.4266453e+001  1.3217391e+001
  1.1806652e+001  1.0885487e+001  8.5988871e+001
  5.1983908e+001  1.6795783e+001  6.9146982e+001
  9.9516800e+001  3.7050132e+001  3.3355219e+001
  3.1334851e+001  6.8495202e+001  4.2675104e+001
  5.0580103e+001  9.7959868e+001  3.2771855e+001
  8.1978111e+001  5.1914313e+000  6.6666667e+001
  2.9870264e+001  9.0711533e+000  8.1087632e+001
  7.0859577e+001  8.1055446e+000  6.6666667e+001
  8.6949902e+001  6.7872682e+001  1.5630901e+001
  6.5647630e+001  9.1693398e+001  1.8917695e+001
  8.6219059e+001  7.0480721e+000  6.6666667e+001
  9.2659813e+001  5.9246673e+001  2.1580282e+001
  9.3873355e+001  2.2796647e+001  4.6579547e+001
  6.6571868e+001  9.7460448e+001  1.7586290e+001
  5.9772821e+001  4.0217828e+001  3.9656176e+001
  4.0452661e+001  5.1544390e+001  4.9210580e+001
  1.3402694e+001  5.1014208e+001  6.4054981e+001
  3.0195548e+001  5.9353256e+001  5.0037106e+001
  4.6032711e+001  3.6774148e+001  6.5027231e+001
  5.0327570e+001  1.1226337e+001  6.8924889e+001
  7.6293619e+001  6.0874455e+001  2.0415453e+001
  9.4427582e+001  5.2743438e+001  2.6049519e+001
  6.4984569e+001  5.0725285e+001  3.0464920e+001
  9.4637017e+001  1.4064718e+001  6.3947900e+001
  4.6371605e+001  3.2273459e+001  6.7043860e+001
  2.7117192e+001  5.0980675e+001  5.4702904e+001
  6.9388072e+000  7.4557610e+001  5.0000000e+001
  1.8738422e+001  7.2610493e+001  5.0000000e+001
  3.4903755e+001  7.1298094e+001  3.7252348e+001
  9.1430393e+001  4.1917322e+001  3.1425644e+001
  1.3763153e+000  5.7959666e+001  6.2287278e+001
  9.8752990e+001  2.5516928e+001  4.0189891e+001
  1.7402328e+001  6.1044194e+001  6.1179437e+001
  4.0295540e+001  6.2304184e+001  4.4798637e+001
  3.9926023e+001  9.0273382e+001  3.4813335e+001
  7.8565740e+001  6.0667724e+001  2.0562817e+001
  5.0588382e+001  9.9530033e+001  3.2770106e+001
  5.6237672e+001  9.1851793e+001  3.0894446e+001
  7.0123783e+001  3.8838766e-001  6.6666667e+001
  2.8537370e+001  9.3266285e+001  3.8733992e+001
  9.8663679e+001  2.4042003e+001  4.2954747e+001
  2.2431795e+001  9.8414335e+001  4.4855175e+001
  5.0095409e+001  7.0575808e+001  3.5157707e+001
  4.2991900e+001  7.2880892e+001  3.4219440e+001
  5.1600244e+001  8.9488835e+001  3.2550500e+001
  4.6858149e+000  4.3998786e+001  6.5736265e+001
  9.6465308e+001  9.8324379e+001  1.3217391e+001
  6.5766953e+000  7.8279962e+001  5.0000000e+001
  5.1001913e+001  5.5459004e+001  4.0738655e+001
  7.0539202e+001  1.9841834e+001  5.7993848e+001
  6.2490507e+001  5.3078437e+001  3.0128189e+001
  2.2749404e+001  9.7875620e+000  8.4971554e+001
  6.3067714e+001  4.4150059e+001  3.4020048e+001
  1.5315406e+001  3.0920209e+001  7.7145762e+001
  3.1078955e+001  7.8764156e+001  3.7418921e+001
  6.4931678e+001  7.9448622e+001  1.9953138e+001
  8.3557728e+001  5.5715217e+001  2.4056279e+001
  1.7702851e+000  7.0150114e+001  5.3659620e+001
  4.0440103e+001  5.8365493e+000  7.4676931e+001
  7.9951455e+001  3.0008317e+001  3.6084033e+001
  1.5958215e+001  4.7596676e+000  8.6281046e+001
  3.1242677e+001  9.0831949e+001  3.7347585e+001
  6.3107743e+001  2.8704997e+001  4.9518567e+001
  5.9102040e+001  8.6284815e+001  2.8054087e+001
  5.4479042e+000  3.8970134e+001  6.8439000e+001
  8.6948103e+001  4.4265369e+001  3.0626014e+001
  7.2798735e+001  4.1870935e+001  3.1439167e+001
  1.6556441e+000  9.7891068e+001  5.0000000e+001
  7.4408531e+001  6.0167434e+001  2.0922953e+001
  2.9167640e+001  1.9724460e+001  8.1500489e+001
  7.5648210e+001  5.7566840e+001  2.2763126e+001
  1.0374933e+001  9.6685968e+001  5.0000000e+001
  2.2742931e+001  6.7584715e+001  5.1517873e+001
  4.8794304e+001  1.9555610e+000  6.9753829e+001
  8.7326894e+001  4.0792408e+001  3.1773033e+001
  5.7907540e+001  6.1400895e+001  3.2137833e+001
  4.2129001e+001  2.6234155e+001  7.1235455e+001
  8.1327001e+001  8.4138705e+001  1.3217391e+001
  6.9527220e+001  2.9141775e+001  3.8313670e+001
  4.4129846e+001  2.2317069e+001  7.2242426e+001
  4.7069247e+001  2.2593431e+001  7.0370493e+001
  8.8142285e+001  2.8323364e+001  3.7173853e+001
  6.4512019e+001  8.2920585e+001  2.0569624e+001
  1.4623175e+001  5.5251435e+001  6.3051981e+001
  2.1238621e+001  5.0736037e+001  6.1858290e+001
  1.2596769e+001  6.0303244e+001  6.1473602e+001
  5.3609543e+001  6.6154710e+001  3.5195605e+001
  8.3985766e+001  5.8661737e+001  2.1989462e+001
  2.3990718e+001  9.2239023e+001  4.2661343e+001
  2.2331697e+000  4.9919228e+001  6.4298172e+001
  1.4833534e+001  8.3855517e+001  5.0000000e+001
  4.7569103e+001  9.1945406e+001  3.3383335e+001
  8.7802526e+001  6.0602101e+001  2.0609578e+001
  8.6320994e+001  8.5554302e+001  1.3217391e+001
  9.9612980e+001  2.0485935e+001  5.6401055e+001
  7.5732028e+001  4.7803431e+001  2.8979762e+001
  8.8576153e+001  3.8120101e+001  3.2957250e+001
  3.6868507e+001  4.2415067e+001  5.9980868e+001
  7.1595480e+001  4.9744941e+001  2.7901918e+001
  2.8571329e+001  8.8425584e+000  8.1842048e+001
  7.8948060e+001  5.8208528e+001  2.2309266e+001
  2.0542100e+001  2.1103367e+000  8.6035680e+001
  4.2984892e+001  4.7230046e-001  7.3130918e+001
  6.2883878e+001  5.5408902e+001  2.8913153e+001
  5.5934895e+001  1.1201028e+001  6.6079580e+001
  2.4634386e+001  6.9820677e+001  4.6021922e+001
  6.5652403e+001  7.5106932e+001  1.8910564e+001
  1.3232022e+001  2.4984257e+001  8.3548142e+001
  5.1340940e+001  2.4914734e+001  6.6931274e+001
  2.7399913e+001  9.6420734e+001  3.9490037e+001
  5.8734653e+001  3.4777663e+001  4.9785364e+001
  2.6843646e+001  4.7394970e+001  5.5588208e+001
  7.8427471e+001  8.6097823e+001  1.3217391e+001
  1.4861357e+001  1.1160013e+001  8.5890999e+001
  7.7329242e+001  3.9428432e+001  3.2428088e+001
  5.1991047e+001  8.5327313e+001  3.2456263e+001
  5.8671559e+001  7.3934241e+001  2.8553856e+001
  5.1897927e+001  7.6248239e+001  3.2478767e+001
  1.4056816e+001  2.3546057e+001  8.4920683e+001
  3.1591944e+001  7.5702805e+001  3.7197739e+001
  8.6127901e+001  2.3215553e+001  4.5169679e+001
  4.3344876e+001  4.6085910e+001  5.2367904e+001
  5.9469938e+000  3.5379576e+000  8.6281046e+001
  8.8586116e+001  5.2422110e+001  2.6255427e+001
  2.5598456e+001  3.9923451e+001  6.6109208e+001
  2.8755026e+001  8.9943073e+001  3.8602091e+001
  2.2394253e+001  1.7143496e+001  8.3242409e+001
  5.9122219e+001  2.4718464e+000  6.7066308e+001
  5.6433058e+001  5.9218257e+001  3.3764638e+001
  8.6594739e+001  5.7021928e+001  2.3149837e+001
  2.1964931e+001  5.8246182e+001  5.8653159e+001
  3.0123792e+001  3.4133805e+001  7.0506606e+001
  5.8705546e+001  5.5955970e+001  3.2395463e+001
  9.0204879e+001  3.9767367e+001  3.2272460e+001
  5.2374567e+001  9.4568950e+001  3.2361103e+001
  6.6875055e+001  8.7650402e+001  1.7171394e+001
  6.7688123e+001  9.8844944e+001  1.6047307e+001
  9.5292319e+001  3.9136989e+001  3.2558218e+001
  6.2393576e+001  9.2011523e+001  2.3670912e+001
  4.5789981e+001  4.5750705e+001  5.1432513e+001
  6.4776444e+001  6.6164285e+001  2.2646921e+001
  9.7886682e+001  5.2144984e+001  2.6430889e+001
  4.2144883e+001  9.8290122e+001  3.4378842e+001
  9.7578725e+001  8.9966918e+001  1.3217391e+001
  5.1860738e+001  6.3020440e+001  3.7902873e+001
  5.4289554e+001  3.4682594e+001  6.1325042e+001
  3.7912535e+001  3.0583937e+001  7.1633207e+001
  8.4916971e+001  9.0123900e+001  1.3217391e+001
  5.4558009e+001  1.0659606e+001  6.6887223e+001
  8.1514993e+001  2.9631870e+001  3.6304546e+001
  4.8574909e+001  8.5155737e+001  3.3187719e+001
  1.1619398e+001  7.2941357e+001  5.0000000e+001
  1.4343197e+001  6.4278163e+001  5.9541219e+001
  7.8468558e+001  2.6818775e+001  3.8529347e+001
  2.6893557e+001  7.2812986e+001  3.9864085e+001
  5.5675568e+001  8.9220499e+001  3.1279417e+001
  1.3570609e+001  5.0992914e+001  6.4059591e+001
  4.2453880e+001  5.5308973e+001  4.6714134e+001
  5.7632705e+000  8.8086692e+001  5.0000000e+001
  7.9681634e+001  8.5625983e+001  1.3217391e+001
  5.5951067e+001  5.9954263e+001  3.3955839e+001
  7.7135961e+001  4.8224658e+001  2.8754132e+001
  9.9501423e+001  1.2008894e+000  6.6666667e+001
  8.9561162e+000  2.7878914e+001  8.0522955e+001
  7.2132924e+001  5.7412947e+001  2.2872340e+001
  9.9732527e+001  8.2792003e+001  1.3217391e+001
  1.0808855e+001  7.0457444e+001  5.3144667e+001
  4.5675779e+001  3.4185842e+001  6.6825057e+001
  1.3305179e+001  4.0202636e+001  6.7332744e+001
  7.0383857e+001  5.3890389e+001  2.5296477e+001
  3.0627222e+001  1.8974454e+001  8.0640028e+001
  6.4320089e+000  4.3469137e+001  6.5891884e+001
  1.7377417e+001  4.0868334e+001  6.6776585e+001
  1.9250150e+001  2.0563649e+001  8.5789044e+001
  6.7035182e+001  2.9339399e+001  4.4366780e+001
  3.8706358e+001  2.5612306e+001  7.3543145e+001
  7.0268158e+000  3.1261078e+001  7.6754884e+001
  6.8104855e+001  5.4867676e+001  2.6120223e+001
  8.5615323e+001  8.3081779e+001  1.3217391e+001
  9.7097755e+000  2.9749883e+001  7.8457005e+001
  3.9186196e+001  8.7716404e+001  3.4967206e+001
  3.7595298e+001  7.5488524e+001  3.5335337e+001
  5.1551799e+001  3.2523699e+001  6.4073148e+001
  8.9426636e+001  2.5811674e+001  3.9766612e+001
  6.4182104e+001  7.3412922e+001  2.1061219e+001
  2.0327599e+001  4.3744405e+001  6.5144436e+001
  6.8881728e+000  3.1245671e+001  7.6772614e+001
  8.0014493e+001  9.0365623e+001  1.3217391e+001
  4.2305902e+001  6.9507583e+001  3.8015985e+001
  8.9231678e+001  7.5679420e+001  1.3217391e+001
  9.9190756e+001  2.6664349e+001  3.8700536e+001
  4.0087628e+001  6.1122291e+001  4.5502861e+001
  3.4068872e+001  1.7228306e+001  7.8580719e+001
  3.1674084e+001  1.5187851e+001  7.9122673e+001
  3.6428768e+001  6.8394233e+001  4.0782024e+001
  6.1573238e+001  2.1795207e+001  6.3221281e+001
  5.9745195e+001  7.6368442e+001  2.7269632e+001
  6.8523835e+001  6.6946644e+000  6.6725894e+001
  9.7382051e+001  2.4018173e+001  4.3011937e+001
  2.8032689e+001  3.5421523e+001  6.9701335e+001
  1.7396814e+001  6.0765990e+001  6.1295178e+001
  9.2190895e+001  4.1287770e+001  3.1591184e+001
  2.6024441e+001  6.1612291e+001  5.2121902e+001
  3.7506160e+001  4.3182709e+001  5.8478755e+001
  6.4474224e+001  4.1589863e+001  3.4229416e+001
  3.1646837e+001  7.1580858e+001  3.7949031e+001
  1.9241606e+001  8.7649114e+001  5.0000000e+001
  2.3317288e+001  2.6224696e+001  8.0948055e+001
  2.1984319e+001  3.0436205e+000  8.5355737e+001
  7.9438414e+000  6.4332206e+001  5.9507907e+001
  1.2387395e+001  8.2455552e+001  5.0000000e+001
  5.3758448e+001  7.7862597e+001  3.2006545e+001
  6.8886259e+001  4.7525792e+001  2.9905847e+001
  7.2011925e+001  8.4327830e+001  1.3217391e+001
  9.3880175e+001  2.4259981e+001  4.2457336e+001
  8.2237314e-001  3.6996807e+001  7.0403433e+001
  5.8168210e+001  9.6464618e+001  2.9114955e+001
  5.5634683e+001  4.6905706e+001  3.9419176e+001
  6.8937745e+001  5.3292918e+001  2.6525464e+001
  7.6095274e+001  5.4038012e+000  6.6666667e+001
  8.2429195e+001  6.2228030e+001  1.9461263e+001
  5.2769278e+001  6.6517777e+001  3.6181968e+001
  3.4151409e+001  7.5952658e+001  3.6274672e+001
  6.8287719e+000  6.7550960e+001  5.6966739e+001
  2.6404108e+001  3.2714025e+001  7.3015706e+001
  9.9416826e+001  9.8433100e+001  1.3217391e+001
  3.8544568e+001  5.1226766e+001  5.0032517e+001
  7.8625042e+001  8.1737538e+001  1.3217391e+001
  8.6961073e+001  3.9452926e+001  3.2416897e+001
  8.5195507e+000  4.8187072e+001  6.4696408e+001
  4.8370876e+001  7.2286972e+001  3.3229409e+001
  8.4455106e+001  5.7923201e+001  2.2510606e+001
  4.6583953e+001  2.2247083e+001  7.0853211e+001
  5.9923626e+001  2.2592479e+001  6.2010577e+001
  2.0815498e+001  3.5537940e+001  7.1688965e+001
  5.1705713e+001  6.4207231e+001  3.7834105e+001
  1.5800764e+001  6.4302090e+001  5.9526488e+001
  7.4437810e+001  5.2142291e+000  6.6666667e+001
  4.8907701e+001  9.9251880e+001  3.3119632e+001
  6.4964406e+001  3.8785184e+001  3.9171495e+001
  4.1755337e+000  2.9905258e+001  7.8285643e+001
  3.3481598e+001  2.4755084e+001  7.7094041e+001
  4.3335620e+001  5.0369659e+000  7.2917236e+001
  9.8590832e+000  5.5421634e+001  6.3008304e+001
  6.8092288e+001  6.3911466e+001  2.0101542e+001
  2.7123257e+000  2.1286368e+001  8.6048381e+001
  3.2084812e+001  2.2643875e+001  7.9323321e+001
  5.2480022e+000  6.6482105e+000  8.6281046e+001
  3.6955755e+001  5.4694457e+001  4.8832740e+001
  3.8387594e+001  3.5045812e+001  6.8361254e+001
  3.3587764e+001  5.9355410e+000  7.8875839e+001
  8.9068983e+001  6.4700081e+001  1.7733926e+001
  2.3813734e+001  9.7309410e+001  4.2887223e+001
